LAT,LON
0.452161870000000E+02,-0.123529839000000E+03
0.452138680000000E+02,-0.123531019000000E+03
0.452102790000000E+02,-0.123534805000000E+03
0.452075140000000E+02,-0.123541825000000E+03
0.452083620000000E+02,-0.123556088000000E+03
0.452028290000000E+02,-0.123556897000000E+03
0.452004970000000E+02,-0.123557706000000E+03
0.451993900000000E+02,-0.123558867000000E+03
0.451988280000000E+02,-0.123563656000000E+03
0.451937060000000E+02,-0.123560423000000E+03
0.451906880000000E+02,-0.123559485000000E+03
0.451891110000000E+02,-0.123560714000000E+03
0.451872360000000E+02,-0.123561264000000E+03
0.451860240000000E+02,-0.123559162000000E+03
0.451856580000000E+02,-0.123557093000000E+03
0.451822060000000E+02,-0.123554507000000E+03
0.451815200000000E+02,-0.123554863000000E+03
0.451815660000000E+02,-0.123560197000000E+03
0.451819540000000E+02,-0.123560617000000E+03
0.451812000000000E+02,-0.123562816000000E+03
0.451780450000000E+02,-0.123559454000000E+03
0.451772210000000E+02,-0.123556577000000E+03
0.451761700000000E+02,-0.123555187000000E+03
0.451734710000000E+02,-0.123552666000000E+03
0.451717340000000E+02,-0.123551891000000E+03
0.451709340000000E+02,-0.123552731000000E+03
0.451698360000000E+02,-0.123552990000000E+03
0.451671840000000E+02,-0.123551504000000E+03
0.451643940000000E+02,-0.123548822000000E+03
0.451626340000000E+02,-0.123545332000000E+03
0.451569400000000E+02,-0.123539419000000E+03
0.451548360000000E+02,-0.123538322000000E+03
0.451539910000000E+02,-0.123542103000000E+03
0.451529860000000E+02,-0.123553187000000E+03
0.451509520000000E+02,-0.123553737000000E+03
0.451501640000000E+02,-0.123554774000000E+03
0.451472480000000E+02,-0.123564884000000E+03
0.451489840000000E+02,-0.123575772000000E+03
0.451461480000000E+02,-0.123581199000000E+03
0.451408450000000E+02,-0.123581488000000E+03
0.451362270000000E+02,-0.123578441000000E+03
0.451350966781250E+02,-0.123576767479688E+03
0.451315870000000E+02,-0.123568469000000E+03
0.451316420000000E+02,-0.123568130000000E+03
0.451321810000000E+02,-0.123568309000000E+03
0.451326350000000E+02,-0.123567317000000E+03
0.451311630000000E+02,-0.123566142000000E+03
0.451302210000000E+02,-0.123573093000000E+03
0.451307870000000E+02,-0.123574846000000E+03
0.451322853117187E+02,-0.123576796199219E+03
0.451323360000000E+02,-0.123577921000000E+03
0.451278510000000E+02,-0.123578127000000E+03
0.451274540000000E+02,-0.123576532000000E+03
0.451267700000000E+02,-0.123575946000000E+03
0.451209100000000E+02,-0.123576005000000E+03
0.451213460000000E+02,-0.123580140000000E+03
0.451180060000000E+02,-0.123580823000000E+03
0.451125830000000E+02,-0.123571074000000E+03
0.451104410000000E+02,-0.123568820000000E+03
0.451047080000000E+02,-0.123571952000000E+03
0.450993050000000E+02,-0.123571442000000E+03
0.450993050000000E+02,-0.123571442000000E+03
0.450979730000000E+02,-0.123572469000000E+03
0.451021570000000E+02,-0.123576054000000E+03
0.451045120000000E+02,-0.123576377000000E+03
0.451060440000000E+02,-0.123575441000000E+03
0.451067300000000E+02,-0.123577733000000E+03
0.451052880000000E+02,-0.123582866000000E+03
0.451056770000000E+02,-0.123584739000000E+03
0.451070710000000E+02,-0.123587290000000E+03
0.451088090000000E+02,-0.123586064000000E+03
0.451103400000000E+02,-0.123589649000000E+03
0.451087600000000E+02,-0.123598042000000E+03
0.451207380000000E+02,-0.123606381000000E+03
0.451164370000000E+02,-0.123612352000000E+03
0.451170110000000E+02,-0.123618144000000E+03
0.451208910000000E+02,-0.123620398000000E+03
0.451222390000000E+02,-0.123621304000000E+03
0.451223520000000E+02,-0.123623532000000E+03
0.451185570000000E+02,-0.123622785000000E+03
0.451156540000000E+02,-0.123623557000000E+03
0.451101660000000E+02,-0.123626678000000E+03
0.451090230000000E+02,-0.123626598000000E+03
0.451052960000000E+02,-0.123624579000000E+03
0.451032180000000E+02,-0.123620380000000E+03
0.450991940000000E+02,-0.123620504000000E+03
0.450999540000000E+02,-0.123644594000000E+03
0.451068600000000E+02,-0.123650012000000E+03
0.451106820000000E+02,-0.123661278000000E+03
0.451103850000000E+02,-0.123662796000000E+03
0.451080070000000E+02,-0.123665315000000E+03
0.451077110000000E+02,-0.123667608000000E+03
0.451078940000000E+02,-0.123670320000000E+03
0.451095860000000E+02,-0.123673936000000E+03
0.451096560000000E+02,-0.123681879000000E+03
0.451022710000000E+02,-0.123689401000000E+03
0.451001440000000E+02,-0.123690919000000E+03
0.451008300000000E+02,-0.123697310000000E+03
0.451029330000000E+02,-0.123699086000000E+03
0.451035270000000E+02,-0.123700765000000E+03
0.451042580000000E+02,-0.123706447000000E+03
0.451058120000000E+02,-0.123713163000000E+03
0.451065430000000E+02,-0.123715423000000E+03
0.451072290000000E+02,-0.123716263000000E+03
0.451080750000000E+02,-0.123716134000000E+03
0.451087370000000E+02,-0.123717684000000E+03
0.451110640000000E+02,-0.123730440000000E+03
0.451123430000000E+02,-0.123733476000000E+03
0.451134860000000E+02,-0.123735156000000E+03
0.451152500000000E+02,-0.123736397000000E+03
0.451190980000000E+02,-0.123736369000000E+03
0.451215130000000E+02,-0.123735803000000E+03
0.451227350000000E+02,-0.123735028000000E+03
0.451248320000000E+02,-0.123736179000000E+03
0.451295200000000E+02,-0.123743769000000E+03
0.451228100000000E+02,-0.123743787000000E+03
0.451238140000000E+02,-0.123748051000000E+03
0.451244610000000E+02,-0.123749117000000E+03
0.451262410000000E+02,-0.123749699000000E+03
0.451279570000000E+02,-0.123748053000000E+03
0.451319960000000E+02,-0.123748595000000E+03
0.451360870000000E+02,-0.123752238000000E+03
0.451344530000000E+02,-0.123756270000000E+03
0.451304060000000E+02,-0.123757718000000E+03
0.451296740000000E+02,-0.123757622000000E+03
0.451279130000000E+02,-0.123755847000000E+03
0.451228330000000E+02,-0.123756306000000E+03
0.451215070000000E+02,-0.123756631000000E+03
0.451193810000000E+02,-0.123758473000000E+03
0.451055220000000E+02,-0.123751224000000E+03
0.451034870000000E+02,-0.123750644000000E+03
0.451021610000000E+02,-0.123751224000000E+03
0.450997830000000E+02,-0.123750827000000E+03
0.450967460000000E+02,-0.123745310000000E+03
0.450917400000000E+02,-0.123742981000000E+03
0.450881510000000E+02,-0.123742268000000E+03
0.450843610000000E+02,-0.123728903000000E+03
0.450803150000000E+02,-0.123726899000000E+03
0.450767500000000E+02,-0.123720669000000E+03
0.450761010000000E+02,-0.123720393000000E+03
0.450760980000000E+02,-0.123724213000000E+03
0.450760980000000E+02,-0.123724213000000E+03
0.450766920000000E+02,-0.123761522000000E+03
0.450763150000000E+02,-0.123784794000000E+03
0.450855370000000E+02,-0.123784620000000E+03
0.450886420000000E+02,-0.123784578000000E+03
0.451040690000000E+02,-0.123784369000000E+03
0.451040690000000E+02,-0.123784369000000E+03
0.451213366666667E+02,-0.123784233666667E+03
0.451438710000000E+02,-0.123784819000000E+03
0.451752080000000E+02,-0.123783699000000E+03
0.452014670000000E+02,-0.123783830000000E+03
0.452022060000000E+02,-0.123784406000000E+03
0.452115060000000E+02,-0.123784440000000E+03
0.452115060000000E+02,-0.123784440000000E+03
0.452160340000000E+02,-0.123784410000000E+03
0.452161290000000E+02,-0.123764049000000E+03
0.452161560000000E+02,-0.123685360000000E+03
0.452171770000000E+02,-0.123645539000000E+03
0.452167200000000E+02,-0.123608847000000E+03
0.452166790000000E+02,-0.123607502000000E+03
0.452161870000000E+02,-0.123529839000000E+03
END,END
0.450445540000000E+02,-0.123786094000000E+03
0.450443940000000E+02,-0.123764465000000E+03
0.450443860000000E+02,-0.123763384000000E+03
0.450439870000000E+02,-0.123725389000000E+03
0.450439870000000E+02,-0.123725389000000E+03
0.450439830000000E+02,-0.123724775000000E+03
0.450005640000000E+02,-0.123725970000000E+03
0.450005060000000E+02,-0.123725069000000E+03
0.449988700000000E+02,-0.123724637000000E+03
0.450010950000000E+02,-0.123720433000000E+03
0.450038160000000E+02,-0.123717920000000E+03
0.450036570000000E+02,-0.123713247000000E+03
0.450058990000000E+02,-0.123704997000000E+03
0.450066080000000E+02,-0.123704836000000E+03
0.450074310000000E+02,-0.123706029000000E+03
0.450117750000000E+02,-0.123705998000000E+03
0.450124850000000E+02,-0.123703999000000E+03
0.450115700000000E+02,-0.123699487000000E+03
0.450086210000000E+02,-0.123695167000000E+03
0.450073640000000E+02,-0.123688528000000E+03
0.450075700000000E+02,-0.123685563000000E+03
0.450098560000000E+02,-0.123679697000000E+03
0.450099240000000E+02,-0.123677892000000E+03
0.450082090000000E+02,-0.123674991000000E+03
0.450102650000000E+02,-0.123662421000000E+03
0.450090060000000E+02,-0.123657812000000E+03
0.450074970000000E+02,-0.123656363000000E+03
0.450058960000000E+02,-0.123656461000000E+03
0.450039750000000E+02,-0.123654914000000E+03
0.450029910000000E+02,-0.123651047000000E+03
0.450045450000000E+02,-0.123649950000000E+03
0.450073720000000E+02,-0.123644096000000E+03
0.450079490000000E+02,-0.123642052000000E+03
0.450076510000000E+02,-0.123639764000000E+03
0.450100270000000E+02,-0.123635314000000E+03
0.450119470000000E+02,-0.123635860000000E+03
0.450127010000000E+02,-0.123634731000000E+03
0.450116710000000E+02,-0.123632315000000E+03
0.450057240000000E+02,-0.123625870000000E+03
0.450015200000000E+02,-0.123631003000000E+03
0.449997450000000E+02,-0.123631607000000E+03
0.449996650000000E+02,-0.123622136000000E+03
0.450024120000000E+02,-0.123618313000000E+03
0.450082900000000E+02,-0.123614934000000E+03
0.450100280000000E+02,-0.123614517000000E+03
0.450116060000000E+02,-0.123612874000000E+03
0.450167320000000E+02,-0.123602338000000E+03
0.450169850000000E+02,-0.123598115000000E+03
0.450202580000000E+02,-0.123584126000000E+03
0.450210590000000E+02,-0.123582643000000E+03
0.450233680000000E+02,-0.123580580000000E+03
0.450243970000000E+02,-0.123578131000000E+03
0.450239400000000E+02,-0.123576422000000E+03
0.450239400000000E+02,-0.123576422000000E+03
0.450225000000000E+02,-0.123575938000000E+03
0.450208080000000E+02,-0.123571650000000E+03
0.450176530000000E+02,-0.123571037000000E+03
0.450120970000000E+02,-0.123571907000000E+03
0.450081180000000E+02,-0.123573936000000E+03
0.450067690000000E+02,-0.123577191000000E+03
0.450044130000000E+02,-0.123581058000000E+03
0.449970270000000E+02,-0.123587180000000E+03
0.449907630000000E+02,-0.123584857000000E+03
0.449874820000000E+02,-0.123581367000000E+03
0.449867860000000E+02,-0.123570661000000E+03
0.449890730000000E+02,-0.123573129000000E+03
0.449912900000000E+02,-0.123579122000000E+03
0.449942620000000E+02,-0.123579671000000E+03
0.449943770000000E+02,-0.123578446000000E+03
0.449943770000000E+02,-0.123578446000000E+03
0.449928680000000E+02,-0.123578800000000E+03
0.449920220000000E+02,-0.123578446000000E+03
0.449906730000000E+02,-0.123571164000000E+03
0.449883870000000E+02,-0.123568296000000E+03
0.449862160000000E+02,-0.123567329000000E+03
0.449843640000000E+02,-0.123567844000000E+03
0.449833580000000E+02,-0.123568875000000E+03
0.449829460000000E+02,-0.123571452000000E+03
0.449809110000000E+02,-0.123572000000000E+03
0.449799280000000E+02,-0.123571194000000E+03
0.449793110000000E+02,-0.123571323000000E+03
0.449782820000000E+02,-0.123573932000000E+03
0.449766810000000E+02,-0.123571065000000E+03
0.449713080000000E+02,-0.123569776000000E+03
0.449690210000000E+02,-0.123573383000000E+03
0.449693870000000E+02,-0.123576314000000E+03
0.449708960000000E+02,-0.123576991000000E+03
0.449709190000000E+02,-0.123577538000000E+03
0.449683350000000E+02,-0.123580758000000E+03
0.449675340000000E+02,-0.123581080000000E+03
0.449674430000000E+02,-0.123579502000000E+03
0.449668720000000E+02,-0.123578535000000E+03
0.449646530000000E+02,-0.123580532000000E+03
0.449642420000000E+02,-0.123580209000000E+03
0.449651800000000E+02,-0.123577247000000E+03
0.449652490000000E+02,-0.123573962000000E+03
0.449633970000000E+02,-0.123568615000000E+03
0.449632370000000E+02,-0.123564685000000E+03
0.449614540000000E+02,-0.123564299000000E+03
0.449613390000000E+02,-0.123561722000000E+03
0.449625740000000E+02,-0.123561465000000E+03
0.449640600000000E+02,-0.123553381000000E+03
0.449673750000000E+02,-0.123546875000000E+03
0.449671460000000E+02,-0.123545522000000E+03
0.449662540000000E+02,-0.123544653000000E+03
0.449666880000000E+02,-0.123542076000000E+03
0.449676020000000E+02,-0.123539403000000E+03
0.449697910000000E+02,-0.123536241000000E+03
0.449695190000000E+02,-0.123510098000000E+03
0.449718150000000E+02,-0.123509858000000E+03
0.449732640000000E+02,-0.123513277000000E+03
0.449719580000000E+02,-0.123507481000000E+03
0.449677940000000E+02,-0.123502652000000E+03
0.449661400000000E+02,-0.123496899000000E+03
0.449665400000000E+02,-0.123492826000000E+03
0.449655850000000E+02,-0.123481167000000E+03
0.449663650000000E+02,-0.123475080000000E+03
0.449648790000000E+02,-0.123472503000000E+03
0.449649030000000E+02,-0.123471246000000E+03
0.449666180000000E+02,-0.123468252000000E+03
0.449672820000000E+02,-0.123468156000000E+03
0.449683560000000E+02,-0.123466933000000E+03
0.449676720000000E+02,-0.123461875000000E+03
0.449684500000000E+02,-0.123458783000000E+03
0.449701840000000E+02,-0.123456810000000E+03
0.449701840000000E+02,-0.123456810000000E+03
0.449699820000000E+02,-0.123456368000000E+03
0.449684960000000E+02,-0.123457978000000E+03
0.449674210000000E+02,-0.123460200000000E+03
0.449675110000000E+02,-0.123464226000000E+03
0.449647440000000E+02,-0.123465964000000E+03
0.449623430000000E+02,-0.123466220000000E+03
0.449587770000000E+02,-0.123464125000000E+03
0.449512330000000E+02,-0.123455814000000E+03
0.449484660000000E+02,-0.123455685000000E+03
0.449473230000000E+02,-0.123456715000000E+03
0.449440300000000E+02,-0.123456070000000E+03
0.449436190000000E+02,-0.123455619000000E+03
0.449441220000000E+02,-0.123455394000000E+03
0.449459510000000E+02,-0.123455330000000E+03
0.449478270000000E+02,-0.123452401000000E+03
0.449460660000000E+02,-0.123449374000000E+03
0.449442140000000E+02,-0.123450726000000E+03
0.449436200000000E+02,-0.123450725000000E+03
0.449431390000000E+02,-0.123449920000000E+03
0.449431850000000E+02,-0.123447409000000E+03
0.449444200000000E+02,-0.123446090000000E+03
0.449453810000000E+02,-0.123443900000000E+03
0.449446030000000E+02,-0.123440423000000E+03
0.449449010000000E+02,-0.123437461000000E+03
0.449443750000000E+02,-0.123434048000000E+03
0.449417450000000E+02,-0.123430249000000E+03
0.449413790000000E+02,-0.123433823000000E+03
0.449403050000000E+02,-0.123437042000000E+03
0.449386130000000E+02,-0.123435368000000E+03
0.449372410000000E+02,-0.123435593000000E+03
0.449368980000000E+02,-0.123436141000000E+03
0.449368750000000E+02,-0.123440680000000E+03
0.449354800000000E+02,-0.123441517000000E+03
0.449347030000000E+02,-0.123441453000000E+03
0.449335140000000E+02,-0.123439649000000E+03
0.449316850000000E+02,-0.123439038000000E+03
0.449300610000000E+02,-0.123440744000000E+03
0.449283460000000E+02,-0.123443640000000E+03
0.449255570000000E+02,-0.123444477000000E+03
0.449234530000000E+02,-0.123441709000000E+03
0.449210300000000E+02,-0.123440164000000E+03
0.449197030000000E+02,-0.123437815000000E+03
0.449193380000000E+02,-0.123435369000000E+03
0.449196360000000E+02,-0.123433663000000E+03
0.449166170000000E+02,-0.123432891000000E+03
0.449155890000000E+02,-0.123432280000000E+03
0.449152000000000E+02,-0.123431379000000E+03
0.449160000000000E+02,-0.123428354000000E+03
0.449171430000000E+02,-0.123428096000000E+03
0.449178060000000E+02,-0.123427356000000E+03
0.449176920000000E+02,-0.123425265000000E+03
0.449144900000000E+02,-0.123423238000000E+03
0.449123180000000E+02,-0.123423078000000E+03
0.449101230000000E+02,-0.123423657000000E+03
0.449081570000000E+02,-0.123425106000000E+03
0.449076403208984E+02,-0.123424874055078E+03
0.449073109208984E+02,-0.123425800455078E+03
0.449077357208984E+02,-0.123423348855078E+03
0.449069380000000E+02,-0.123420079000000E+03
0.449068070000000E+02,-0.123423465000000E+03
0.449044530000000E+02,-0.123426812000000E+03
0.449040640000000E+02,-0.123431413000000E+03
0.449035610000000E+02,-0.123432217000000E+03
0.449002230000000E+02,-0.123433150000000E+03
0.449005890000000E+02,-0.123436078000000E+03
0.448999260000000E+02,-0.123440067000000E+03
0.448975710000000E+02,-0.123441225000000E+03
0.448972970000000E+02,-0.123440035000000E+03
0.448945070000000E+02,-0.123440034000000E+03
0.448936610000000E+02,-0.123441128000000E+03
0.448926770000000E+02,-0.123448816000000E+03
0.448935690000000E+02,-0.123450070000000E+03
0.448924250000000E+02,-0.123453962000000E+03
0.448894290000000E+02,-0.123458400000000E+03
0.448877370000000E+02,-0.123458464000000E+03
0.448854970000000E+02,-0.123457498000000E+03
0.448854970000000E+02,-0.123457498000000E+03
0.448853810000000E+02,-0.123462097000000E+03
0.448843060000000E+02,-0.123465281000000E+03
0.448841890000000E+02,-0.123473451000000E+03
0.448845550000000E+02,-0.123475702000000E+03
0.448828150000000E+02,-0.123480782000000E+03
0.448814650000000E+02,-0.123482261000000E+03
0.448802470000000E+02,-0.123495574000000E+03
0.448810220000000E+02,-0.123499691000000E+03
0.448886620000000E+02,-0.123507816000000E+03
0.448893500000000E+02,-0.123512062000000E+03
0.448895620000000E+02,-0.123528691000000E+03
0.448910490000000E+02,-0.123531971000000E+03
0.448907750000000E+02,-0.123533644000000E+03
0.448879880000000E+02,-0.123540431000000E+03
0.448850390000000E+02,-0.123544131000000E+03
0.448842390000000E+02,-0.123545997000000E+03
0.448846960000000E+02,-0.123549631000000E+03
0.448853830000000E+02,-0.123550756000000E+03
0.448863430000000E+02,-0.123555130000000E+03
0.448882870000000E+02,-0.123569444000000E+03
0.448903440000000E+02,-0.123579190000000E+03
0.448922140000000E+02,-0.123592021000000E+03
0.448915040000000E+02,-0.123593473000000E+03
0.448913380000000E+02,-0.123598095000000E+03
0.448919470000000E+02,-0.123601322000000E+03
0.448932290000000E+02,-0.123603595000000E+03
0.448930310000000E+02,-0.123606455000000E+03
0.448912710000000E+02,-0.123611484000000E+03
0.448904250000000E+02,-0.123613092000000E+03
0.448870860000000E+02,-0.123615726000000E+03
0.448864000000000E+02,-0.123615726000000E+03
0.448860120000000E+02,-0.123615179000000E+03
0.448847560000000E+02,-0.123610738000000E+03
0.448851950000000E+02,-0.123598099000000E+03
0.448843060000000E+02,-0.123588000000000E+03
0.448835520000000E+02,-0.123584912000000E+03
0.448820210000000E+02,-0.123582114000000E+03
0.448822040000000E+02,-0.123575939000000E+03
0.448799640000000E+02,-0.123571147000000E+03
0.448768770000000E+02,-0.123555099000000E+03
0.448757800000000E+02,-0.123554682000000E+03
0.448728100000000E+02,-0.123545326000000E+03
0.448728550000000E+02,-0.123543075000000E+03
0.448736100000000E+02,-0.123543847000000E+03
0.448737930000000E+02,-0.123544908000000E+03
0.448752150000000E+02,-0.123545839000000E+03
0.448789800000000E+02,-0.123545580000000E+03
0.448797340000000E+02,-0.123544873000000E+03
0.448785890000000E+02,-0.123536351000000E+03
0.448788630000000E+02,-0.123533103000000E+03
0.448751780000000E+02,-0.123524134000000E+03
0.448741990000000E+02,-0.123522624000000E+03
0.448728950000000E+02,-0.123521982000000E+03
0.448723000000000E+02,-0.123521050000000E+03
0.448692330000000E+02,-0.123513656000000E+03
0.448683840000000E+02,-0.123503561000000E+03
0.448655280000000E+02,-0.123507615000000E+03
0.448646810000000E+02,-0.123507551000000E+03
0.448620270000000E+02,-0.123503407000000E+03
0.448588490000000E+02,-0.123503474000000E+03
0.448520600000000E+02,-0.123507788000000E+03
0.448502780000000E+02,-0.123510458000000E+03
0.448409980000000E+02,-0.123518436000000E+03
0.448401060000000E+02,-0.123518340000000E+03
0.448373610000000E+02,-0.123515708000000E+03
0.448365830000000E+02,-0.123513941000000E+03
0.448374490000000E+02,-0.123507288000000E+03
0.448400540000000E+02,-0.123503654000000E+03
0.448420440000000E+02,-0.123495633000000E+03
0.448408120000000E+02,-0.123490489000000E+03
0.448410180000000E+02,-0.123489268000000E+03
0.448410180000000E+02,-0.123489268000000E+03
0.448399430000000E+02,-0.123489396000000E+03
0.448381160000000E+02,-0.123485056000000E+03
0.448350060000000E+02,-0.123486885000000E+03
0.448335640000000E+02,-0.123488522000000E+03
0.448339290000000E+02,-0.123491093000000E+03
0.448325330000000E+02,-0.123492699000000E+03
0.448321240000000E+02,-0.123488360000000E+03
0.448366300000000E+02,-0.123483416000000E+03
0.448383520000000E+02,-0.123479327000000E+03
0.448356530000000E+02,-0.123466994000000E+03
0.448335960000000E+02,-0.123462527000000E+03
0.448326820000000E+02,-0.123459313000000E+03
0.448329800000000E+02,-0.123455746000000E+03
0.448339400000000E+02,-0.123453432000000E+03
0.448336660000000E+02,-0.123449512000000E+03
0.448306940000000E+02,-0.123452275000000E+03
0.448295500000000E+02,-0.123455391000000E+03
0.448293670000000E+02,-0.123457737000000E+03
0.448252270000000E+02,-0.123461624000000E+03
0.448251130000000E+02,-0.123458249000000E+03
0.448239710000000E+02,-0.123452080000000E+03
0.448200910000000E+02,-0.123442729000000E+03
0.448207900000000E+02,-0.123438944000000E+03
0.448204290000000E+02,-0.123438334000000E+03
0.448167490000000E+02,-0.123439109000000E+03
0.448140170000000E+02,-0.123440866000000E+03
0.448140170000000E+02,-0.123440866000000E+03
0.448146420000000E+02,-0.123443784000000E+03
0.448129220000000E+02,-0.123444943000000E+03
0.448118110000000E+02,-0.123445097000000E+03
0.448055890000000E+02,-0.123443950000000E+03
0.447970600000000E+02,-0.123444720000000E+03
0.447956650000000E+02,-0.123445394000000E+03
0.447921430000000E+02,-0.123454224000000E+03
0.447910680000000E+02,-0.123454256000000E+03
0.447876840000000E+02,-0.123452007000000E+03
0.447770520000000E+02,-0.123448153000000E+03
0.447717020000000E+02,-0.123448120000000E+03
0.447711990000000E+02,-0.123448633000000E+03
0.447712900000000E+02,-0.123450174000000E+03
0.447735990000000E+02,-0.123454444000000E+03
0.447774840000000E+02,-0.123466675000000E+03
0.447788100000000E+02,-0.123467928000000E+03
0.447825360000000E+02,-0.123469310000000E+03
0.447841480000000E+02,-0.123471440000000E+03
0.447875170000000E+02,-0.123482767000000E+03
0.447870090000000E+02,-0.123493555000000E+03
0.447843080000000E+02,-0.123504706000000E+03
0.447832600000000E+02,-0.123511128000000E+03
0.447850900000000E+02,-0.123514882000000E+03
0.447857790000000E+02,-0.123521624000000E+03
0.447829450000000E+02,-0.123524773000000E+03
0.447783030000000E+02,-0.123524519000000E+03
0.447710340000000E+02,-0.123528761000000E+03
0.447734600000000E+02,-0.123535630000000E+03
0.447757690000000E+02,-0.123538999000000E+03
0.447749920000000E+02,-0.123541599000000E+03
0.447706260000000E+02,-0.123542532000000E+03
0.447691400000000E+02,-0.123541858000000E+03
0.447661210000000E+02,-0.123538361000000E+03
0.447623690000000E+02,-0.123531301000000E+03
0.447626980000000E+02,-0.123528886000000E+03
0.447623440000000E+02,-0.123525011000000E+03
0.447604440000000E+02,-0.123520295000000E+03
0.447577920000000E+02,-0.123519494000000E+03
0.447542020000000E+02,-0.123519914000000E+03
0.447529200000000E+02,-0.123516386000000E+03
0.447525300000000E+02,-0.123513466000000E+03
0.447486030000000E+02,-0.123510872000000E+03
0.447432270000000E+02,-0.123504941000000E+03
0.447402540000000E+02,-0.123504655000000E+03
0.447388820000000E+02,-0.123505651000000E+03
0.447380610000000E+02,-0.123508218000000E+03
0.447366050000000E+02,-0.123509438000000E+03
0.447366050000000E+02,-0.123509438000000E+03
0.447343560000000E+02,-0.123508575000000E+03
0.447331240000000E+02,-0.123513291000000E+03
0.447343130000000E+02,-0.123513483000000E+03
0.447351370000000E+02,-0.123514958000000E+03
0.447369240000000E+02,-0.123525061000000E+03
0.447367420000000E+02,-0.123527082000000E+03
0.447422310000000E+02,-0.123531699000000E+03
0.447449750000000E+02,-0.123531633000000E+03
0.447483830000000E+02,-0.123536059000000E+03
0.447483830000000E+02,-0.123537599000000E+03
0.447503910000000E+02,-0.123546069000000E+03
0.447524040000000E+02,-0.123552935000000E+03
0.447556740000000E+02,-0.123560283000000E+03
0.447608640000000E+02,-0.123568787000000E+03
0.447626930000000E+02,-0.123568627000000E+03
0.447627160000000E+02,-0.123567215000000E+03
0.447636540000000E+02,-0.123564808000000E+03
0.447667640000000E+02,-0.123563203000000E+03
0.447667640000000E+02,-0.123564487000000E+03
0.447713580000000E+02,-0.123570136000000E+03
0.447731880000000E+02,-0.123570522000000E+03
0.447743770000000E+02,-0.123571356000000E+03
0.447765480000000E+02,-0.123575691000000E+03
0.447765940000000E+02,-0.123577649000000E+03
0.447757930000000E+02,-0.123581405000000E+03
0.447795360000000E+02,-0.123606061000000E+03
0.447786760000000E+02,-0.123607514000000E+03
0.447781009466797E+02,-0.123603575708398E+03
0.447772369466797E+02,-0.123602862308398E+03
0.447775789466797E+02,-0.123605944508398E+03
0.447764040000000E+02,-0.123606797000000E+03
0.447726960000000E+02,-0.123607387000000E+03
0.447713280000000E+02,-0.123606183000000E+03
0.447690870000000E+02,-0.123605700000000E+03
0.447649690000000E+02,-0.123610447000000E+03
0.447643970000000E+02,-0.123613271000000E+03
0.447598210000000E+02,-0.123617953000000E+03
0.447591580000000E+02,-0.123617695000000E+03
0.447577880000000E+02,-0.123614934000000E+03
0.447559600000000E+02,-0.123614804000000E+03
0.447533980000000E+02,-0.123617177000000E+03
0.447490370000000E+02,-0.123614286000000E+03
0.447408780000000E+02,-0.123604911000000E+03
0.447394150000000E+02,-0.123604461000000E+03
0.447334730000000E+02,-0.123594513000000E+03
0.447332450000000E+02,-0.123593133000000E+03
0.447359460000000E+02,-0.123577672000000E+03
0.447325160000000E+02,-0.123578697000000E+03
0.447255880000000E+02,-0.123579433000000E+03
0.447197010000000E+02,-0.123576523000000E+03
0.447197010000000E+02,-0.123576523000000E+03
0.447194410000000E+02,-0.123580757000000E+03
0.447211910000000E+02,-0.123602566000000E+03
0.447210750000000E+02,-0.123704468000000E+03
0.447390630000000E+02,-0.123704539000000E+03
0.447390650000000E+02,-0.123724948000000E+03
0.447465510000000E+02,-0.123724950000000E+03
0.447454040000000E+02,-0.123727703000000E+03
0.447444180000000E+02,-0.123737103000000E+03
0.447448280000000E+02,-0.123740183000000E+03
0.447468130000000E+02,-0.123748880000000E+03
0.447548420000000E+02,-0.123768957000000E+03
0.447550730000000E+02,-0.123774508000000E+03
0.447587340000000E+02,-0.123783845000000E+03
0.447588550000000E+02,-0.123787730000000E+03
0.447588550000000E+02,-0.123787730000000E+03
0.447586900000000E+02,-0.123791675000000E+03
0.447591940000000E+02,-0.123793600000000E+03
0.447607030000000E+02,-0.123795044000000E+03
0.447715200000000E+02,-0.123800757000000E+03
0.447791600000000E+02,-0.123800245000000E+03
0.447794510000000E+02,-0.123795841000000E+03
0.447849630000000E+02,-0.123805663000000E+03
0.447854430000000E+02,-0.123808392000000E+03
0.447841170000000E+02,-0.123812148000000E+03
0.447813280000000E+02,-0.123816290000000E+03
0.447774860000000E+02,-0.123825310000000E+03
0.447774630000000E+02,-0.123827043000000E+03
0.447787660000000E+02,-0.123827718000000E+03
0.447797490000000E+02,-0.123827365000000E+03
0.447815550000000E+02,-0.123828392000000E+03
0.447795420000000E+02,-0.123835968000000E+03
0.447794020000000E+02,-0.123846048000000E+03
0.447799950000000E+02,-0.123852052000000E+03
0.447809770000000E+02,-0.123856258000000E+03
0.447821420000000E+02,-0.123858539000000E+03
0.447821420000000E+02,-0.123858539000000E+03
0.447835830000000E+02,-0.123857159000000E+03
0.447879280000000E+02,-0.123856296000000E+03
0.447922290000000E+02,-0.123846409000000E+03
0.447926190000000E+02,-0.123841239000000E+03
0.447948150000000E+02,-0.123840791000000E+03
0.447975810000000E+02,-0.123841659000000E+03
0.448007120000000E+02,-0.123844584000000E+03
0.448009170000000E+02,-0.123847570000000E+03
0.447963820000000E+02,-0.123866032000000E+03
0.447964270000000E+02,-0.123868087000000E+03
0.447968160000000E+02,-0.123868569000000E+03
0.447996500000000E+02,-0.123869728000000E+03
0.448048860000000E+02,-0.123870728000000E+03
0.448067620000000E+02,-0.123870227000000E+03
0.448098260000000E+02,-0.123867521000000E+03
0.448115190000000E+02,-0.123865243000000E+03
0.448122060000000E+02,-0.123863444000000E+03
0.448168930000000E+02,-0.123864476000000E+03
0.448191320000000E+02,-0.123866856000000E+03
0.448241190000000E+02,-0.123861559000000E+03
0.448253080000000E+02,-0.123862074000000E+03
0.448290540000000E+02,-0.123870528000000E+03
0.448303080000000E+02,-0.123874770000000E+03
0.448313370000000E+02,-0.123876223000000E+03
0.448332800000000E+02,-0.123875223000000E+03
0.448357960000000E+02,-0.123876739000000E+03
0.448365050000000E+02,-0.123877767000000E+03
0.448368270000000E+02,-0.123881301000000E+03
0.448361650000000E+02,-0.123883390000000E+03
0.448375150000000E+02,-0.123886088000000E+03
0.448450850000000E+02,-0.123890388000000E+03
0.448466400000000E+02,-0.123889873000000E+03
0.448481020000000E+02,-0.123888104000000E+03
0.448509370000000E+02,-0.123887105000000E+03
0.448521960000000E+02,-0.123890222000000E+03
0.448520140000000E+02,-0.123892986000000E+03
0.448548280000000E+02,-0.123898416000000E+03
0.448575480000000E+02,-0.123898414000000E+03
0.448604050000000E+02,-0.123894426000000E+03
0.448612510000000E+02,-0.123894393000000E+03
0.448610700000000E+02,-0.123899698000000E+03
0.448557920000000E+02,-0.123913619000000E+03
0.448542150000000E+02,-0.123915838000000E+03
0.448538500000000E+02,-0.123920177000000E+03
0.448538500000000E+02,-0.123920177000000E+03
0.448546730000000E+02,-0.123921431000000E+03
0.448562050000000E+02,-0.123922137000000E+03
0.448592000000000E+02,-0.123920337000000E+03
0.448635900000000E+02,-0.123923068000000E+03
0.448651680000000E+02,-0.123925929000000E+03
0.448695350000000E+02,-0.123925285000000E+03
0.448710900000000E+02,-0.123922905000000E+03
0.448722590000000E+02,-0.123919709000000E+03
0.448709060000000E+02,-0.123919047000000E+03
0.448695340000000E+02,-0.123916990000000E+03
0.448730290000000E+02,-0.123904417000000E+03
0.448759320000000E+02,-0.123896085000000E+03
0.448814600000000E+02,-0.123885050000000E+03
0.448819400000000E+02,-0.123885050000000E+03
0.448845250000000E+02,-0.123888296000000E+03
0.448858760000000E+02,-0.123890932000000E+03
0.448888490000000E+02,-0.123892537000000E+03
0.448916610000000E+02,-0.123891699000000E+03
0.448946780000000E+02,-0.123892500000000E+03
0.448947240000000E+02,-0.123893819000000E+03
0.448939930000000E+02,-0.123895106000000E+03
0.448939730000000E+02,-0.123902987000000E+03
0.448952770000000E+02,-0.123904659000000E+03
0.448961230000000E+02,-0.123904658000000E+03
0.448982040000000E+02,-0.123906072000000E+03
0.448990740000000E+02,-0.123911798000000E+03
0.449036240000000E+02,-0.123911120000000E+03
0.449056580000000E+02,-0.123909285000000E+03
0.449065950000000E+02,-0.123907419000000E+03
0.449073500000000E+02,-0.123907418000000E+03
0.449145980000000E+02,-0.123909281000000E+03
0.449244600000000E+02,-0.123913915000000E+03
0.449255790000000E+02,-0.123913955000000E+03
0.449270740000000E+02,-0.123913011000000E+03
0.449311760000000E+02,-0.123919315000000E+03
0.449319070000000E+02,-0.123921310000000E+03
0.449317480000000E+02,-0.123925365000000E+03
0.449310620000000E+02,-0.123926202000000E+03
0.449281590000000E+02,-0.123927780000000E+03
0.449291880000000E+02,-0.123929228000000E+03
0.449317480000000E+02,-0.123930773000000E+03
0.449392460000000E+02,-0.123918250000000E+03
0.449394980000000E+02,-0.123916930000000E+03
0.449394970000000E+02,-0.123915674000000E+03
0.449374160000000E+02,-0.123911748000000E+03
0.449386480000000E+02,-0.123903636000000E+03
0.449385110000000E+02,-0.123901576000000E+03
0.449359930000000E+02,-0.123893627000000E+03
0.449334760000000E+02,-0.123889219000000E+03
0.449317130000000E+02,-0.123881560000000E+03
0.449320470000000E+02,-0.123874310000000E+03
0.449328070000000E+02,-0.123872363000000E+03
0.449343430000000E+02,-0.123871645000000E+03
0.449368150000000E+02,-0.123872652000000E+03
0.449410630000000E+02,-0.123881937000000E+03
0.449420490000000E+02,-0.123885992000000E+03
0.449401540000000E+02,-0.123894138000000E+03
0.449402460000000E+02,-0.123895297000000E+03
0.449468810000000E+02,-0.123907945000000E+03
0.449516830000000E+02,-0.123912192000000E+03
0.449537860000000E+02,-0.123912449000000E+03
0.449560260000000E+02,-0.123912062000000E+03
0.449570780000000E+02,-0.123911095000000E+03
0.449625620000000E+02,-0.123898952000000E+03
0.449625380000000E+02,-0.123895700000000E+03
0.449605240000000E+02,-0.123890291000000E+03
0.449613920000000E+02,-0.123887489000000E+03
0.449659860000000E+02,-0.123882622000000E+03
0.449699860000000E+02,-0.123884099000000E+03
0.449699860000000E+02,-0.123884099000000E+03
0.449684090000000E+02,-0.123882458000000E+03
0.449681340000000E+02,-0.123881557000000E+03
0.449706930000000E+02,-0.123876884000000E+03
0.449696660000000E+02,-0.123869990000000E+03
0.449670380000000E+02,-0.123867315000000E+03
0.449666770000000E+02,-0.123856268000000E+03
0.449658540000000E+02,-0.123855333000000E+03
0.449642290000000E+02,-0.123858617000000E+03
0.449630860000000E+02,-0.123858712000000E+03
0.449596820000000E+02,-0.123852269000000E+03
0.449591340000000E+02,-0.123849177000000E+03
0.449599800000000E+02,-0.123848212000000E+03
0.449605070000000E+02,-0.123846151000000E+03
0.449600770000000E+02,-0.123832368000000E+03
0.449615860000000E+02,-0.123829310000000E+03
0.449616090000000E+02,-0.123828118000000E+03
0.449609240000000E+02,-0.123816106000000E+03
0.449596440000000E+02,-0.123812113000000E+03
0.449581350000000E+02,-0.123811244000000E+03
0.449577910000000E+02,-0.123802485000000E+03
0.449598720000000E+02,-0.123800617000000E+03
0.449676080000000E+02,-0.123797549000000E+03
0.449796120000000E+02,-0.123805718000000E+03
0.449800080000000E+02,-0.123806100000000E+03
0.449790620000000E+02,-0.123807963000000E+03
0.449842300000000E+02,-0.123810185000000E+03
0.449858690000000E+02,-0.123808794000000E+03
0.449868350000000E+02,-0.123808584000000E+03
0.449879130000000E+02,-0.123809600000000E+03
0.449880860000000E+02,-0.123814819000000E+03
0.449879260000000E+02,-0.123815141000000E+03
0.449865570000000E+02,-0.123814912000000E+03
0.449864560000000E+02,-0.123816610000000E+03
0.449872920000000E+02,-0.123819107000000E+03
0.449907140000000E+02,-0.123825259000000E+03
0.449921780000000E+02,-0.123826193000000E+03
0.449926350000000E+02,-0.123823841000000E+03
0.449909210000000E+02,-0.123818589000000E+03
0.449918810000000E+02,-0.123814336000000E+03
0.449933670000000E+02,-0.123816978000000E+03
0.449956990000000E+02,-0.123818235000000E+03
0.449989000000000E+02,-0.123813531000000E+03
0.450080190000000E+02,-0.123812245000000E+03
0.450088260000000E+02,-0.123804505000000E+03
0.450076140000000E+02,-0.123801636000000E+03
0.450107220000000E+02,-0.123796769000000E+03
0.450113860000000E+02,-0.123796575000000E+03
0.450131230000000E+02,-0.123798444000000E+03
0.450148620000000E+02,-0.123803279000000E+03
0.450180340000000E+02,-0.123805434000000E+03
0.450176190000000E+02,-0.123799301000000E+03
0.450182050000000E+02,-0.123795911000000E+03
0.450222730000000E+02,-0.123793991000000E+03
0.450262850000000E+02,-0.123795720000000E+03
0.450288890000000E+02,-0.123789850000000E+03
0.450298330000000E+02,-0.123784831000000E+03
0.450333220000000E+02,-0.123782663000000E+03
0.450361950000000E+02,-0.123776601000000E+03
0.450389090000000E+02,-0.123777930000000E+03
0.450406250000000E+02,-0.123779541000000E+03
0.450445540000000E+02,-0.123786094000000E+03
END,END
0.450249510000000E+02,-0.123548870000000E+03
0.450235880000000E+02,-0.123546685000000E+03
0.450222890000000E+02,-0.123545574000000E+03
0.450179950000000E+02,-0.123545571000000E+03
0.450167380000000E+02,-0.123549762000000E+03
0.450157780000000E+02,-0.123551277000000E+03
0.450147260000000E+02,-0.123551954000000E+03
0.450106100000000E+02,-0.123550795000000E+03
0.450063120000000E+02,-0.123550699000000E+03
0.449970310000000E+02,-0.123553860000000E+03
0.449963670000000E+02,-0.123555439000000E+03
0.449918630000000E+02,-0.123561175000000E+03
0.449882050000000E+02,-0.123562754000000E+03
0.449860790000000E+02,-0.123564365000000E+03
0.449914280000000E+02,-0.123563656000000E+03
0.449930970000000E+02,-0.123562786000000E+03
0.449973040000000E+02,-0.123565912000000E+03
0.449976470000000E+02,-0.123568748000000E+03
0.449984250000000E+02,-0.123570262000000E+03
0.449984250000000E+02,-0.123570262000000E+03
0.449986080000000E+02,-0.123567717000000E+03
0.449995200000000E+02,-0.123566299000000E+03
0.450041400000000E+02,-0.123563719000000E+03
0.450176300000000E+02,-0.123562978000000E+03
0.450226610000000E+02,-0.123563526000000E+03
0.450248100000000E+02,-0.123561979000000E+03
0.450279190000000E+02,-0.123558496000000E+03
0.450284680000000E+02,-0.123556949000000E+03
0.450284220000000E+02,-0.123551564000000E+03
0.450249510000000E+02,-0.123548870000000E+03
END,END
0.448872170000000E+02,-0.122254572000000E+03
0.448843910000000E+02,-0.122254226000000E+03
0.448806430000000E+02,-0.122256609000000E+03
0.448784020000000E+02,-0.122256772000000E+03
0.448768010000000E+02,-0.122256645000000E+03
0.448754060000000E+02,-0.122255553000000E+03
0.448712910000000E+02,-0.122254624000000E+03
0.448695770000000E+02,-0.122255333000000E+03
0.448688910000000E+02,-0.122256266000000E+03
0.448660560000000E+02,-0.122257265000000E+03
0.448645240000000E+02,-0.122257170000000E+03
0.448626720000000E+02,-0.122255918000000E+03
0.448607190000000E+02,-0.122255810000000E+03
0.448595890000000E+02,-0.122264248000000E+03
0.448599560000000E+02,-0.122267526000000E+03
0.448594330000000E+02,-0.122274856000000E+03
0.448575390000000E+02,-0.122286237000000E+03
0.448555510000000E+02,-0.122293342000000E+03
0.448527400000000E+02,-0.122298389000000E+03
0.448480070000000E+02,-0.122301316000000E+03
0.448428630000000E+02,-0.122307166000000E+03
0.448423140000000E+02,-0.122312598000000E+03
0.448446010000000E+02,-0.122319315000000E+03
0.448464070000000E+02,-0.122321854000000E+03
0.448465670000000E+02,-0.122323590000000E+03
0.448448740000000E+02,-0.122329889000000E+03
0.448443250000000E+02,-0.122330467000000E+03
0.448426790000000E+02,-0.122329888000000E+03
0.448421530000000E+02,-0.122330113000000E+03
0.448434100000000E+02,-0.122337826000000E+03
0.448394980000000E+02,-0.122343384000000E+03
0.448402280000000E+02,-0.122351001000000E+03
0.448383510000000E+02,-0.122356173000000E+03
0.448366590000000E+02,-0.122358004000000E+03
0.448440190000000E+02,-0.122363988000000E+03
0.448532090000000E+02,-0.122367789000000E+03
0.448594260000000E+02,-0.122371299000000E+03
0.448614830000000E+02,-0.122373551000000E+03
0.448649360000000E+02,-0.122380596000000E+03
0.448626740000000E+02,-0.122388928000000E+03
0.448622630000000E+02,-0.122385389000000E+03
0.448642500000000E+02,-0.122380693000000E+03
0.448593780000000E+02,-0.122375810000000E+03
0.448548520000000E+02,-0.122373673000000E+03
0.448543260000000E+02,-0.122374026000000E+03
0.448538910000000E+02,-0.122375807000000E+03
0.448543250000000E+02,-0.122377714000000E+03
0.448554690000000E+02,-0.122379577000000E+03
0.448560650000000E+02,-0.122382952000000E+03
0.448555880000000E+02,-0.122389703000000E+03
0.448504930000000E+02,-0.122398771000000E+03
0.448454410000000E+02,-0.122400799000000E+03
0.448433140000000E+02,-0.122399772000000E+03
0.448422620000000E+02,-0.122399870000000E+03
0.448355650000000E+02,-0.122407040000000E+03
0.448352910000000E+02,-0.122408293000000E+03
0.448368690000000E+02,-0.122411539000000E+03
0.448349720000000E+02,-0.122414946000000E+03
0.448224380000000E+02,-0.122416988000000E+03
0.448195380000000E+02,-0.122412671000000E+03
0.448181660000000E+02,-0.122412286000000E+03
0.448090430000000E+02,-0.122413832000000E+03
0.448033730000000E+02,-0.122418460000000E+03
0.448014300000000E+02,-0.122423278000000E+03
0.448010650000000E+02,-0.122426682000000E+03
0.448011570000000E+02,-0.122429958000000E+03
0.448023920000000E+02,-0.122431788000000E+03
0.448034440000000E+02,-0.122435739000000E+03
0.448020490000000E+02,-0.122446497000000E+03
0.448024830000000E+02,-0.122450415000000E+03
0.448005620000000E+02,-0.122454686000000E+03
0.447986860000000E+02,-0.122456516000000E+03
0.447978400000000E+02,-0.122458475000000E+03
0.448008570000000E+02,-0.122466088000000E+03
0.448017900000000E+02,-0.122479159000000E+03
0.448014010000000E+02,-0.122480508000000E+03
0.448018350000000E+02,-0.122481215000000E+03
0.448040300000000E+02,-0.122482019000000E+03
0.448105240000000E+02,-0.122483341000000E+03
0.448199880000000E+02,-0.122488039000000E+03
0.448213820000000E+02,-0.122490417000000E+03
0.448234160000000E+02,-0.122492379000000E+03
0.448279280000000E+02,-0.122495215000000E+03
0.448321470000000E+02,-0.122499938000000E+03
0.448333350000000E+02,-0.122502931000000E+03
0.448315790000000E+02,-0.122512412000000E+03
0.448303460000000E+02,-0.122515594000000E+03
0.448306580000000E+02,-0.122521855000000E+03
0.448315610000000E+02,-0.122524655000000E+03
0.448320640000000E+02,-0.122524783000000E+03
0.448325910000000E+02,-0.122527417000000E+03
0.448332810000000E+02,-0.122541652000000E+03
0.448356830000000E+02,-0.122547339000000E+03
0.448377410000000E+02,-0.122550905000000E+03
0.448356610000000E+02,-0.122556143000000E+03
0.448331920000000E+02,-0.122558329000000E+03
0.448327340000000E+02,-0.122561381000000E+03
0.448327340000000E+02,-0.122561381000000E+03
0.448348380000000E+02,-0.122560224000000E+03
0.448387480000000E+02,-0.122562088000000E+03
0.448439840000000E+02,-0.122565881000000E+03
0.448443730000000E+02,-0.122566886000000E+03
0.448428910000000E+02,-0.122567488000000E+03
0.448424130000000E+02,-0.122568909000000E+03
0.448425390000000E+02,-0.122572560000000E+03
0.448449000000000E+02,-0.122582816000000E+03
0.448470290000000E+02,-0.122586327000000E+03
0.448477040000000E+02,-0.122586851000000E+03
0.448539030000000E+02,-0.122587729000000E+03
0.448564890000000E+02,-0.122586337000000E+03
0.448616800000000E+02,-0.122585814000000E+03
0.448678990000000E+02,-0.122587038000000E+03
0.448791210000000E+02,-0.122590388000000E+03
0.448816120000000E+02,-0.122593669000000E+03
0.448824780000000E+02,-0.122602096000000E+03
0.448836610000000E+02,-0.122602823000000E+03
0.448836610000000E+02,-0.122602823000000E+03
0.448840730000000E+02,-0.122600080000000E+03
0.448859790000000E+02,-0.122595794000000E+03
0.448866430000000E+02,-0.122593061000000E+03
0.448872380000000E+02,-0.122587561000000E+03
0.448849760000000E+02,-0.122580035000000E+03
0.448822330000000E+02,-0.122575531000000E+03
0.448821190000000E+02,-0.122570611000000E+03
0.448832050000000E+02,-0.122558011000000E+03
0.448839020000000E+02,-0.122558036000000E+03
0.448851830000000E+02,-0.122559162000000E+03
0.448849770000000E+02,-0.122564436000000E+03
0.448867830000000E+02,-0.122569164000000E+03
0.448889550000000E+02,-0.122571448000000E+03
0.448966610000000E+02,-0.122575213000000E+03
0.449037020000000E+02,-0.122586185000000E+03
0.449062830000000E+02,-0.122597511000000E+03
0.449078130000000E+02,-0.122601759000000E+03
0.449118130000000E+02,-0.122607747000000E+03
0.449133900000000E+02,-0.122608810000000E+03
0.449161790000000E+02,-0.122609746000000E+03
0.449184430000000E+02,-0.122609908000000E+03
0.449192200000000E+02,-0.122610681000000E+03
0.449262790000000E+02,-0.122623175000000E+03
0.449286340000000E+02,-0.122629925000000E+03
0.449293450000000E+02,-0.122633819000000E+03
0.449324130000000E+02,-0.122641702000000E+03
0.449379240000000E+02,-0.122644305000000E+03
0.449402560000000E+02,-0.122644625000000E+03
0.449418560000000E+02,-0.122642660000000E+03
0.449422210000000E+02,-0.122640052000000E+03
0.449493960000000E+02,-0.122630161000000E+03
0.449569400000000E+02,-0.122627996000000E+03
0.449569400000000E+02,-0.122627996000000E+03
0.449557980000000E+02,-0.122623688000000E+03
0.449551580000000E+02,-0.122623301000000E+03
0.449540600000000E+02,-0.122623751000000E+03
0.449513190000000E+02,-0.122618982000000E+03
0.449499940000000E+02,-0.122615632000000E+03
0.449498120000000E+02,-0.122613153000000E+03
0.449507280000000E+02,-0.122609902000000E+03
0.449497930000000E+02,-0.122604717000000E+03
0.449482390000000E+02,-0.122601013000000E+03
0.449475310000000E+02,-0.122597600000000E+03
0.449488590000000E+02,-0.122591837000000E+03
0.449462540000000E+02,-0.122582080000000E+03
0.449473070000000E+02,-0.122577444000000E+03
0.449428490000000E+02,-0.122572807000000E+03
0.449334280000000E+02,-0.122570681000000E+03
0.449303190000000E+02,-0.122571099000000E+03
0.449262490000000E+02,-0.122567751000000E+03
0.449238480000000E+02,-0.122564404000000E+03
0.449198010000000E+02,-0.122555233000000E+03
0.449167590000000E+02,-0.122546899000000E+03
0.449159120000000E+02,-0.122542393000000E+03
0.449132350000000E+02,-0.122536344000000E+03
0.449095070000000E+02,-0.122533354000000E+03
0.449037910000000E+02,-0.122533486000000E+03
0.448878070000000E+02,-0.122527222000000E+03
0.448827710000000E+02,-0.122513204000000E+03
0.448819000000000E+02,-0.122509120000000E+03
0.448837320000000E+02,-0.122489541000000E+03
0.448814750000000E+02,-0.122469021000000E+03
0.448817270000000E+02,-0.122466738000000E+03
0.448832600000000E+02,-0.122465774000000E+03
0.448855230000000E+02,-0.122465839000000E+03
0.448861400000000E+02,-0.122468863000000E+03
0.448865720000000E+02,-0.122477032000000E+03
0.448880340000000E+02,-0.122480700000000E+03
0.448889020000000E+02,-0.122481665000000E+03
0.448925850000000E+02,-0.122479416000000E+03
0.448935450000000E+02,-0.122478066000000E+03
0.448943940000000E+02,-0.122471151000000E+03
0.448952170000000E+02,-0.122469478000000E+03
0.448962230000000E+02,-0.122468739000000E+03
0.448966350000000E+02,-0.122467131000000E+03
0.448947850000000E+02,-0.122460246000000E+03
0.448941910000000E+02,-0.122455067000000E+03
0.448956780000000E+02,-0.122449471000000E+03
0.448931860000000E+02,-0.122443359000000E+03
0.448909000000000E+02,-0.122432164000000E+03
0.448888870000000E+02,-0.122428144000000E+03
0.448896190000000E+02,-0.122425957000000E+03
0.448958150000000E+02,-0.122429268000000E+03
0.448980790000000E+02,-0.122434672000000E+03
0.449010520000000E+02,-0.122435412000000E+03
0.449038080000000E+02,-0.122440009000000E+03
0.449038080000000E+02,-0.122440009000000E+03
0.449020570000000E+02,-0.122429750000000E+03
0.449029950000000E+02,-0.122426082000000E+03
0.449046830000000E+02,-0.122407068000000E+03
0.449037430000000E+02,-0.122399798000000E+03
0.449016610000000E+02,-0.122396196000000E+03
0.448987340000000E+02,-0.122394622000000E+03
0.448970590000000E+02,-0.122394576000000E+03
0.448957610000000E+02,-0.122393691000000E+03
0.448933370000000E+02,-0.122391988000000E+03
0.448910960000000E+02,-0.122391765000000E+03
0.448899300000000E+02,-0.122392120000000E+03
0.448860440000000E+02,-0.122395211000000E+03
0.448852900000000E+02,-0.122396884000000E+03
0.448850350000000E+02,-0.122380148000000E+03
0.448850160000000E+02,-0.122378895000000E+03
0.448863530000000E+02,-0.122276718000000E+03
0.448872250000000E+02,-0.122257405000000E+03
0.448872170000000E+02,-0.122254572000000E+03
END,END
0.448870420000000E+02,-0.122215902000000E+03
0.448874350000000E+02,-0.122162396000000E+03
0.448870990000000E+02,-0.122107457000000E+03
0.448880590000000E+02,-0.122014458000000E+03
0.448879360000000E+02,-0.121944917000000E+03
0.448879850000000E+02,-0.121935968000000E+03
0.448882400000000E+02,-0.121734681000000E+03
0.448882400000000E+02,-0.121734681000000E+03
0.448824400000000E+02,-0.121733182000000E+03
0.448768400000000E+02,-0.121740382000000E+03
0.448752400000000E+02,-0.121746182000000E+03
0.448747400000000E+02,-0.121746682000000E+03
0.448729400000000E+02,-0.121747682000000E+03
0.448701400000000E+02,-0.121747482000000E+03
0.448650400000000E+02,-0.121749782000000E+03
0.448612400000000E+02,-0.121753182000000E+03
0.448569900000000E+02,-0.121751131000000E+03
0.448554400000000E+02,-0.121749282000000E+03
0.448541400000000E+02,-0.121744282000000E+03
0.448531400000000E+02,-0.121742481000000E+03
0.448508400000000E+02,-0.121741581000000E+03
0.448473400000000E+02,-0.121741481000000E+03
0.448453400000000E+02,-0.121742081000000E+03
0.448363400000000E+02,-0.121747281000000E+03
0.448292400000000E+02,-0.121752881000000E+03
0.448279400000000E+02,-0.121754381000000E+03
0.448256400000000E+02,-0.121759480000000E+03
0.448253400000000E+02,-0.121761881000000E+03
0.448230400000000E+02,-0.121763181000000E+03
0.448214400000000E+02,-0.121763281000000E+03
0.448204400000000E+02,-0.121764781000000E+03
0.448197890000000E+02,-0.121778301000000E+03
0.448185540000000E+02,-0.121782724000000E+03
0.448161870000000E+02,-0.121788505000000E+03
0.448122410000000E+02,-0.121796535000000E+03
0.448125410000000E+02,-0.121803682000000E+03
0.448113410000000E+02,-0.121811082000000E+03
0.448052410000000E+02,-0.121812982000000E+03
0.448006410000000E+02,-0.121819482000000E+03
0.447993410000000E+02,-0.121820082000000E+03
0.447893410000000E+02,-0.121818781000000E+03
0.447850410000000E+02,-0.121813181000000E+03
0.447794410000000E+02,-0.121800181000000E+03
0.447776410000000E+02,-0.121796981000000E+03
0.447769410000000E+02,-0.121796380000000E+03
0.447747410000000E+02,-0.121796780000000E+03
0.447733400000000E+02,-0.121795880000000E+03
0.447725400000000E+02,-0.121791880000000E+03
0.447723400000000E+02,-0.121783680000000E+03
0.447758400000000E+02,-0.121779180000000E+03
0.447761400000000E+02,-0.121772280000000E+03
0.447731400000000E+02,-0.121770880000000E+03
0.447672400000000E+02,-0.121766579000000E+03
0.447673400000000E+02,-0.121762879000000E+03
0.447657400000000E+02,-0.121760379000000E+03
0.447628400000000E+02,-0.121758679000000E+03
0.447621400000000E+02,-0.121758979000000E+03
0.447611400000000E+02,-0.121761379000000E+03
0.447616070000000E+02,-0.121769611000000E+03
0.447596800000000E+02,-0.121772610000000E+03
0.447581460000000E+02,-0.121773868000000E+03
0.447545430000000E+02,-0.121775908000000E+03
0.447537040000000E+02,-0.121775524000000E+03
0.447498400000000E+02,-0.121781190000000E+03
0.447484060000000E+02,-0.121785579000000E+03
0.447467400000000E+02,-0.121790679000000E+03
0.447420400000000E+02,-0.121794979000000E+03
0.447405400000000E+02,-0.121795279000000E+03
0.447294410000000E+02,-0.121803679000000E+03
0.447276400000000E+02,-0.121797579000000E+03
0.447255400000000E+02,-0.121794379000000E+03
0.447145400000000E+02,-0.121795578000000E+03
0.447118400000000E+02,-0.121800879000000E+03
0.447101400000000E+02,-0.121802179000000E+03
0.447041400000000E+02,-0.121800678000000E+03
0.447028400000000E+02,-0.121799978000000E+03
0.447008400000000E+02,-0.121796378000000E+03
0.446994400000000E+02,-0.121795678000000E+03
0.446972480000000E+02,-0.121795432000000E+03
0.446958400000000E+02,-0.121792978000000E+03
0.446923400000000E+02,-0.121789078000000E+03
0.446907400000000E+02,-0.121787777000000E+03
0.446885400000000E+02,-0.121787677000000E+03
0.446867400000000E+02,-0.121788677000000E+03
0.446809400000000E+02,-0.121799777000000E+03
0.446780400000000E+02,-0.121800677000000E+03
0.446769450000000E+02,-0.121799341000000E+03
0.446729400000000E+02,-0.121798777000000E+03
0.446669400000000E+02,-0.121800577000000E+03
0.446660400000000E+02,-0.121800677000000E+03
0.446625400000000E+02,-0.121798777000000E+03
0.446610400000000E+02,-0.121798777000000E+03
0.446603990000000E+02,-0.121799784000000E+03
0.446563460000000E+02,-0.121799753000000E+03
0.446550170000000E+02,-0.121798214000000E+03
0.446539250000000E+02,-0.121797905000000E+03
0.446528650000000E+02,-0.121797988000000E+03
0.446517400000000E+02,-0.121798276000000E+03
0.446504240000000E+02,-0.121797994000000E+03
0.446467400000000E+02,-0.121797676000000E+03
0.446457400000000E+02,-0.121798576000000E+03
0.446436400000000E+02,-0.121798976000000E+03
0.446406400000000E+02,-0.121797276000000E+03
0.446395400000000E+02,-0.121797376000000E+03
0.446354400000000E+02,-0.121802076000000E+03
0.446300400000000E+02,-0.121805576000000E+03
0.446181400000000E+02,-0.121809476000000E+03
0.446138400000000E+02,-0.121808175000000E+03
0.446132400000000E+02,-0.121805275000000E+03
0.446105400000000E+02,-0.121801675000000E+03
0.446048400000000E+02,-0.121797975000000E+03
0.446040400000000E+02,-0.121797875000000E+03
0.446027400000000E+02,-0.121800175000000E+03
0.446015400000000E+02,-0.121799975000000E+03
0.445997400000000E+02,-0.121798975000000E+03
0.445978400000000E+02,-0.121795175000000E+03
0.445940400000000E+02,-0.121792774000000E+03
0.445921400000000E+02,-0.121794574000000E+03
0.445898400000000E+02,-0.121795774000000E+03
0.445818400000000E+02,-0.121797974000000E+03
0.445726400000000E+02,-0.121798974000000E+03
0.445701400000000E+02,-0.121800774000000E+03
0.445663280000000E+02,-0.121800933000000E+03
0.445648400000000E+02,-0.121801874000000E+03
0.445633400000000E+02,-0.121802074000000E+03
0.445557400000000E+02,-0.121802073000000E+03
0.445529400000000E+02,-0.121804373000000E+03
0.445467400000000E+02,-0.121806673000000E+03
0.445456400000000E+02,-0.121807973000000E+03
0.445454400000000E+02,-0.121809673000000E+03
0.445437400000000E+02,-0.121812373000000E+03
0.445391400000000E+02,-0.121815373000000E+03
0.445372400000000E+02,-0.121815873000000E+03
0.445358400000000E+02,-0.121815873000000E+03
0.445335400000000E+02,-0.121814973000000E+03
0.445300400000000E+02,-0.121812173000000E+03
0.445274400000000E+02,-0.121811773000000E+03
0.445249400000000E+02,-0.121812073000000E+03
0.445164400000000E+02,-0.121808172000000E+03
0.445149400000000E+02,-0.121808172000000E+03
0.445134400000000E+02,-0.121809372000000E+03
0.445134400000000E+02,-0.121811572000000E+03
0.445115400000000E+02,-0.121820773000000E+03
0.445107400000000E+02,-0.121822373000000E+03
0.445040400000000E+02,-0.121828073000000E+03
0.444942410000000E+02,-0.121840873000000E+03
0.444914410000000E+02,-0.121845773000000E+03
0.444867410000000E+02,-0.121848473000000E+03
0.444846410000000E+02,-0.121848672000000E+03
0.444825410000000E+02,-0.121844672000000E+03
0.444790410000000E+02,-0.121842672000000E+03
0.444727410000000E+02,-0.121843872000000E+03
0.444685410000000E+02,-0.121849172000000E+03
0.444555410000000E+02,-0.121847171000000E+03
0.444511400000000E+02,-0.121843771000000E+03
0.444446400000000E+02,-0.121840870000000E+03
0.444406400000000E+02,-0.121841470000000E+03
0.444388400000000E+02,-0.121843670000000E+03
0.444340400000000E+02,-0.121845970000000E+03
0.444299400000000E+02,-0.121847170000000E+03
0.444286400000000E+02,-0.121847170000000E+03
0.444249610000000E+02,-0.121845066000000E+03
0.444146400000000E+02,-0.121844969000000E+03
0.444092400000000E+02,-0.121842869000000E+03
0.444073400000000E+02,-0.121844869000000E+03
0.444022400000000E+02,-0.121846469000000E+03
0.443981400000000E+02,-0.121845768000000E+03
0.443950400000000E+02,-0.121842568000000E+03
0.443928400000000E+02,-0.121842468000000E+03
0.443896400000000E+02,-0.121842968000000E+03
0.443865400000000E+02,-0.121846068000000E+03
0.443720400000000E+02,-0.121843267000000E+03
0.443704400000000E+02,-0.121844967000000E+03
0.443666400000000E+02,-0.121845667000000E+03
0.443618400000000E+02,-0.121842767000000E+03
0.443593400000000E+02,-0.121839666000000E+03
0.443544400000000E+02,-0.121839066000000E+03
0.443463400000000E+02,-0.121843266000000E+03
0.443438400000000E+02,-0.121843566000000E+03
0.443412400000000E+02,-0.121842666000000E+03
0.443377400000000E+02,-0.121839065000000E+03
0.443345400000000E+02,-0.121837165000000E+03
0.443201400000000E+02,-0.121840765000000E+03
0.443119400000000E+02,-0.121838364000000E+03
0.443029400000000E+02,-0.121836764000000E+03
0.442897400000000E+02,-0.121840563000000E+03
0.442858400000000E+02,-0.121840863000000E+03
0.442855400000000E+02,-0.121839763000000E+03
0.442862400000000E+02,-0.121837363000000E+03
0.442862400000000E+02,-0.121834763000000E+03
0.442845400000000E+02,-0.121828163000000E+03
0.442829400000000E+02,-0.121824962000000E+03
0.442718400000000E+02,-0.121822962000000E+03
0.442620390000000E+02,-0.121818561000000E+03
0.442607390000000E+02,-0.121815761000000E+03
0.442602390000000E+02,-0.121813361000000E+03
0.442595390000000E+02,-0.121801160000000E+03
0.442592390000000E+02,-0.121800060000000E+03
0.442581380000000E+02,-0.121799359000000E+03
0.442581380000000E+02,-0.121799359000000E+03
0.442585400000000E+02,-0.121876163000000E+03
0.442577810000000E+02,-0.122028527000000E+03
0.442541840000000E+02,-0.122028612000000E+03
0.442539920000000E+02,-0.122132037000000E+03
0.442533470000000E+02,-0.122149157000000E+03
0.442539550000000E+02,-0.122259462000000E+03
0.442536333333333E+02,-0.122261980666667E+03
0.442529490000000E+02,-0.122263282000000E+03
0.442533490000000E+02,-0.122326584000000E+03
0.442518490000000E+02,-0.122328084000000E+03
0.442435490000000E+02,-0.122332083000000E+03
0.442397490000000E+02,-0.122330683000000E+03
0.442372490000000E+02,-0.122326282000000E+03
0.442318490000000E+02,-0.122327582000000E+03
0.442307490000000E+02,-0.122328182000000E+03
0.442303170000000E+02,-0.122329128000000E+03
0.442303170000000E+02,-0.122329128000000E+03
0.442289490000000E+02,-0.122330982000000E+03
0.442272490000000E+02,-0.122336482000000E+03
0.442243750000000E+02,-0.122339831000000E+03
0.442226020000000E+02,-0.122339216000000E+03
0.442220630000000E+02,-0.122340052000000E+03
0.442214490000000E+02,-0.122348181000000E+03
0.442201320000000E+02,-0.122352816000000E+03
0.442190260000000E+02,-0.122354567000000E+03
0.442157320000000E+02,-0.122357436000000E+03
0.442147250000000E+02,-0.122357757000000E+03
0.442119990000000E+02,-0.122360909000000E+03
0.442090590000000E+02,-0.122367458000000E+03
0.442092590000000E+02,-0.122371191000000E+03
0.442107720000000E+02,-0.122376181000000E+03
0.442093170000000E+02,-0.122380405000000E+03
0.442093460000000E+02,-0.122381717000000E+03
0.442109990000000E+02,-0.122386131000000E+03
0.442171490000000E+02,-0.122386174000000E+03
0.442171390000000E+02,-0.122405473000000E+03
0.442206500000000E+02,-0.122405498000000E+03
0.442206490000000E+02,-0.122424684000000E+03
0.442181490000000E+02,-0.122424784000000E+03
0.442191690000000E+02,-0.122430596000000E+03
0.442207170000000E+02,-0.122435901000000E+03
0.442184900000000E+02,-0.122440287000000E+03
0.442164450000000E+02,-0.122448702000000E+03
0.442176490000000E+02,-0.122453785000000E+03
0.442192490000000E+02,-0.122455985000000E+03
0.442227490000000E+02,-0.122465085000000E+03
0.442220490000000E+02,-0.122473986000000E+03
0.442195490000000E+02,-0.122476886000000E+03
0.442191490000000E+02,-0.122477986000000E+03
0.442212000000000E+02,-0.122489215000000E+03
0.442194770000000E+02,-0.122492619000000E+03
0.442206990000000E+02,-0.122495675000000E+03
0.442224490000000E+02,-0.122497086000000E+03
0.442222690000000E+02,-0.122500690000000E+03
0.442222690000000E+02,-0.122500690000000E+03
0.442219950000000E+02,-0.122503174000000E+03
0.442233000000000E+02,-0.122507084000000E+03
0.442260920000000E+02,-0.122510770000000E+03
0.442278670000000E+02,-0.122512282000000E+03
0.442290490000000E+02,-0.122512188000000E+03
0.442299490000000E+02,-0.122512688000000E+03
0.442312490000000E+02,-0.122514188000000E+03
0.442310490000000E+02,-0.122519188000000E+03
0.442287490000000E+02,-0.122522588000000E+03
0.442271490000000E+02,-0.122526088000000E+03
0.442267490000000E+02,-0.122529988000000E+03
0.442274490000000E+02,-0.122531688000000E+03
0.442293490000000E+02,-0.122533388000000E+03
0.442323490000000E+02,-0.122532588000000E+03
0.442341350000000E+02,-0.122534829000000E+03
0.442355490000000E+02,-0.122547789000000E+03
0.442344490000000E+02,-0.122550289000000E+03
0.442319490000000E+02,-0.122552589000000E+03
0.442308490000000E+02,-0.122555788000000E+03
0.442284490000000E+02,-0.122570189000000E+03
0.442278490000000E+02,-0.122575489000000E+03
0.442281490000000E+02,-0.122577089000000E+03
0.442290490000000E+02,-0.122577189000000E+03
0.442303340000000E+02,-0.122576300000000E+03
0.442327490000000E+02,-0.122575889000000E+03
0.442344490000000E+02,-0.122576089000000E+03
0.442364490000000E+02,-0.122577689000000E+03
0.442376490000000E+02,-0.122582990000000E+03
0.442422490000000E+02,-0.122592190000000E+03
0.442445490000000E+02,-0.122595090000000E+03
0.442437830000000E+02,-0.122605549000000E+03
0.442442690000000E+02,-0.122607415000000E+03
0.442459130000000E+02,-0.122609965000000E+03
0.442472270000000E+02,-0.122617169000000E+03
0.442498490000000E+02,-0.122623453000000E+03
0.442499360000000E+02,-0.122626588000000E+03
0.442491390000000E+02,-0.122632104000000E+03
0.442492750000000E+02,-0.122640191000000E+03
0.442518790000000E+02,-0.122644755000000E+03
0.442540450000000E+02,-0.122645969000000E+03
0.442572110000000E+02,-0.122646553000000E+03
0.442578150000000E+02,-0.122646493000000E+03
0.442602080000000E+02,-0.122644243000000E+03
0.442612130000000E+02,-0.122643987000000E+03
0.442665930000000E+02,-0.122647000000000E+03
0.442709490000000E+02,-0.122657492000000E+03
0.442712490000000E+02,-0.122659492000000E+03
0.442698970000000E+02,-0.122663284000000E+03
0.442689620000000E+02,-0.122668035000000E+03
0.442737490000000E+02,-0.122679592000000E+03
0.442734490000000E+02,-0.122685792000000E+03
0.442729490000000E+02,-0.122687392000000E+03
0.442756480000000E+02,-0.122695592000000E+03
0.442764480000000E+02,-0.122696392000000E+03
0.442786480000000E+02,-0.122695292000000E+03
0.442799480000000E+02,-0.122699393000000E+03
0.442793480000000E+02,-0.122709693000000E+03
0.442809480000000E+02,-0.122720693000000E+03
0.442831480000000E+02,-0.122723793000000E+03
0.442845080000000E+02,-0.122724849000000E+03
0.442877550000000E+02,-0.122723658000000E+03
0.442882020000000E+02,-0.122724538000000E+03
0.442857480000000E+02,-0.122736493000000E+03
0.442864480000000E+02,-0.122740493000000E+03
0.442859480000000E+02,-0.122745051000000E+03
0.442859480000000E+02,-0.122745051000000E+03
0.442886130000000E+02,-0.122748861000000E+03
0.442895500000000E+02,-0.122748766000000E+03
0.442916150000000E+02,-0.122735525000000E+03
0.442933530000000E+02,-0.122733393000000E+03
0.442956180000000E+02,-0.122732185000000E+03
0.442976080000000E+02,-0.122730180000000E+03
0.442994620000000E+02,-0.122726902000000E+03
0.443046530000000E+02,-0.122726905000000E+03
0.443051340000000E+02,-0.122722925000000E+03
0.443071480000000E+02,-0.122718850000000E+03
0.443120880000000E+02,-0.122713247000000E+03
0.443117230000000E+02,-0.122710954000000E+03
0.443087280000000E+02,-0.122706686000000E+03
0.443079280000000E+02,-0.122702355000000E+03
0.443058700000000E+02,-0.122698342000000E+03
0.443031040000000E+02,-0.122694775000000E+03
0.443023490000000E+02,-0.122690285000000E+03
0.443042930000000E+02,-0.122686846000000E+03
0.443043160000000E+02,-0.122685891000000E+03
0.443036070000000E+02,-0.122684522000000E+03
0.443011140000000E+02,-0.122682006000000E+03
0.442988500000000E+02,-0.122676849000000E+03
0.442982090000000E+02,-0.122673983000000E+03
0.442988030000000E+02,-0.122671022000000E+03
0.443013780000000E+02,-0.122666707000000E+03
0.443013410000000E+02,-0.122665863000000E+03
0.443006540000000E+02,-0.122664494000000E+03
0.442974980000000E+02,-0.122662584000000E+03
0.442958740000000E+02,-0.122660388000000E+03
0.442945440000000E+02,-0.122649054000000E+03
0.442949100000000E+02,-0.122647430000000E+03
0.442962370000000E+02,-0.122649690000000E+03
0.442983660000000E+02,-0.122656980000000E+03
0.442986850000000E+02,-0.122652681000000E+03
0.442973550000000E+02,-0.122643926000000E+03
0.442982920000000E+02,-0.122643129000000E+03
0.443028780000000E+02,-0.122642438000000E+03
0.443060770000000E+02,-0.122643303000000E+03
0.443059320000000E+02,-0.122647677000000E+03
0.443084720000000E+02,-0.122652708000000E+03
0.443130240000000E+02,-0.122658215000000E+03
0.443164790000000E+02,-0.122666112000000E+03
0.443192240000000E+02,-0.122668754000000E+03
0.443272510000000E+02,-0.122673912000000E+03
0.443285320000000E+02,-0.122673147000000E+03
0.443334240000000E+02,-0.122667188000000E+03
0.443391410000000E+02,-0.122664669000000E+03
0.443407640000000E+02,-0.122663298000000E+03
0.443434600000000E+02,-0.122654566000000E+03
0.443442060000000E+02,-0.122649601000000E+03
0.443420410000000E+02,-0.122650520000000E+03
0.443429100000000E+02,-0.122649659000000E+03
0.443486470000000E+02,-0.122646787000000E+03
0.443563310000000E+02,-0.122646750000000E+03
0.443580460000000E+02,-0.122647928000000E+03
0.443625300000000E+02,-0.122652611000000E+03
0.443632860000000E+02,-0.122656978000000E+03
0.443666260000000E+02,-0.122663256000000E+03
0.443809480000000E+02,-0.122663091000000E+03
0.443838920000000E+02,-0.122660487000000E+03
0.443844920000000E+02,-0.122657312000000E+03
0.443816570000000E+02,-0.122652943000000E+03
0.443807720000000E+02,-0.122652807000000E+03
0.443800470000000E+02,-0.122653397000000E+03
0.443800620000000E+02,-0.122654225000000E+03
0.443810990000000E+02,-0.122655010000000E+03
0.443804700000000E+02,-0.122655758000000E+03
0.443788290000000E+02,-0.122655765000000E+03
0.443776800000000E+02,-0.122654352000000E+03
0.443769980000000E+02,-0.122652383000000E+03
0.443809870000000E+02,-0.122643896000000E+03
0.443824960000000E+02,-0.122642875000000E+03
0.443826560000000E+02,-0.122641727000000E+03
0.443799790000000E+02,-0.122637584000000E+03
0.443769810000000E+02,-0.122634079000000E+03
0.443734260000000E+02,-0.122626594000000E+03
0.443712800000000E+02,-0.122619736000000E+03
0.443712360000000E+02,-0.122616453000000E+03
0.443696580000000E+02,-0.122617089000000E+03
0.443699110000000E+02,-0.122614379000000E+03
0.443691350000000E+02,-0.122609693000000E+03
0.443680610000000E+02,-0.122608480000000E+03
0.443653170000000E+02,-0.122607140000000E+03
0.443574320000000E+02,-0.122597987000000E+03
0.443559930000000E+02,-0.122591389000000E+03
0.443554010000000E+02,-0.122580074000000E+03
0.443562710000000E+02,-0.122572680000000E+03
0.443538240000000E+02,-0.122574720000000E+03
0.443529090000000E+02,-0.122574304000000E+03
0.443536870000000E+02,-0.122566687000000E+03
0.443501190000000E+02,-0.122562035000000E+03
0.443458860000000E+02,-0.122538646000000E+03
0.443448340000000E+02,-0.122537371000000E+03
0.443426160000000E+02,-0.122537755000000E+03
0.443420900000000E+02,-0.122537213000000E+03
0.443422000000000E+02,-0.122524309000000E+03
0.443397260000000E+02,-0.122513285000000E+03
0.443380780000000E+02,-0.122509750000000E+03
0.443332490000000E+02,-0.122502108000000E+03
0.443319700000000E+02,-0.122499348000000E+03
0.443308970000000E+02,-0.122495301000000E+03
0.443314010000000E+02,-0.122494091000000E+03
0.443366590000000E+02,-0.122496039000000E+03
0.443387630000000E+02,-0.122495786000000E+03
0.443379670000000E+02,-0.122486610000000E+03
0.443345840000000E+02,-0.122483485000000E+03
0.443322290000000E+02,-0.122483228000000E+03
0.443315200000000E+02,-0.122482654000000E+03
0.443301720000000E+02,-0.122479882000000E+03
0.443306160000000E+02,-0.122478670000000E+03
0.443356140000000E+02,-0.122480873000000E+03
0.443421980000000E+02,-0.122485020000000E+03
0.443455830000000E+02,-0.122484417000000E+03
0.443489420000000E+02,-0.122489104000000E+03
0.443496720000000E+02,-0.122492865000000E+03
0.443534200000000E+02,-0.122498797000000E+03
0.443534200000000E+02,-0.122498797000000E+03
0.443581560000000E+02,-0.122493160000000E+03
0.443614990000000E+02,-0.122482071000000E+03
0.443613630000000E+02,-0.122477736000000E+03
0.443593970000000E+02,-0.122475950000000E+03
0.443599260000000E+02,-0.122467631000000E+03
0.443618470000000E+02,-0.122466453000000E+03
0.443645910000000E+02,-0.122466486000000E+03
0.443650720000000E+02,-0.122464892000000E+03
0.443642490000000E+02,-0.122462629000000E+03
0.443607960000000E+02,-0.122459121000000E+03
0.443561540000000E+02,-0.122461541000000E+03
0.443504370000000E+02,-0.122460232000000E+03
0.443495920000000E+02,-0.122459085000000E+03
0.443463230000000E+02,-0.122447516000000E+03
0.443466890000000E+02,-0.122445350000000E+03
0.443500730000000E+02,-0.122443884000000E+03
0.443510110000000E+02,-0.122444171000000E+03
0.443521770000000E+02,-0.122446019000000E+03
0.443525200000000E+02,-0.122448123000000E+03
0.443541430000000E+02,-0.122450195000000E+03
0.443559950000000E+02,-0.122451310000000E+03
0.443603170000000E+02,-0.122450992000000E+03
0.443649130000000E+02,-0.122454659000000E+03
0.443676110000000E+02,-0.122459506000000E+03
0.443705380000000E+02,-0.122459985000000E+03
0.443705380000000E+02,-0.122459985000000E+03
0.443699610000000E+02,-0.122455333000000E+03
0.443679770000000E+02,-0.122455394000000E+03
0.443661940000000E+02,-0.122453926000000E+03
0.443655310000000E+02,-0.122449814000000E+03
0.443661490000000E+02,-0.122445702000000E+03
0.443656100000000E+02,-0.122435668000000E+03
0.443696480000000E+02,-0.122437669000000E+03
0.443765620000000E+02,-0.122438276000000E+03
0.443813860000000E+02,-0.122434832000000E+03
0.443830320000000E+02,-0.122432441000000E+03
0.443817970000000E+02,-0.122429986000000E+03
0.443803550000000E+02,-0.122418795000000E+03
0.443801480000000E+02,-0.122413120000000E+03
0.443807170000000E+02,-0.122402023000000E+03
0.443783610000000E+02,-0.122399537000000E+03
0.443757740000000E+02,-0.122393004000000E+03
0.443754680000000E+02,-0.122391122000000E+03
0.443772590000000E+02,-0.122389400000000E+03
0.443794800000000E+02,-0.122389072000000E+03
0.443824940000000E+02,-0.122386897000000E+03
0.443837840000000E+02,-0.122383829000000E+03
0.443884400000000E+02,-0.122367260000000E+03
0.443877360000000E+02,-0.122355908000000E+03
0.443857700000000E+02,-0.122352781000000E+03
0.443829560000000E+02,-0.122358806000000E+03
0.443748470000000E+02,-0.122359309000000E+03
0.443725890000000E+02,-0.122358222000000E+03
0.443711950000000E+02,-0.122356213000000E+03
0.443695720000000E+02,-0.122352227000000E+03
0.443690010000000E+02,-0.122351748000000E+03
0.443672630000000E+02,-0.122351619000000E+03
0.443663250000000E+02,-0.122352320000000E+03
0.443652050000000E+02,-0.122352351000000E+03
0.443609530000000E+02,-0.122346261000000E+03
0.443605650000000E+02,-0.122344858000000E+03
0.443613660000000E+02,-0.122341799000000E+03
0.443581890000000E+02,-0.122337080000000E+03
0.443553770000000E+02,-0.122327899000000E+03
0.443565210000000E+02,-0.122327645000000E+03
0.443581900000000E+02,-0.122329527000000E+03
0.443596070000000E+02,-0.122333607000000E+03
0.443613680000000E+02,-0.122334117000000E+03
0.443619620000000E+02,-0.122333257000000E+03
0.443629460000000E+02,-0.122325990000000E+03
0.443611400000000E+02,-0.122321654000000E+03
0.443624210000000E+02,-0.122318403000000E+03
0.443636560000000E+02,-0.122317415000000E+03
0.443644100000000E+02,-0.122315916000000E+03
0.443639300000000E+02,-0.122310179000000E+03
0.443620550000000E+02,-0.122306992000000E+03
0.443615060000000E+02,-0.122309988000000E+03
0.443575280000000E+02,-0.122313781000000E+03
0.443566810000000E+02,-0.122313303000000E+03
0.443531590000000E+02,-0.122300619000000E+03
0.443502090000000E+02,-0.122296158000000E+03
0.443494080000000E+02,-0.122295871000000E+03
0.443487000000000E+02,-0.122297337000000E+03
0.443469150000000E+02,-0.122293259000000E+03
0.443467550000000E+02,-0.122291698000000E+03
0.443481250000000E+02,-0.122283699000000E+03
0.443464300000000E+02,-0.122274108000000E+03
0.443379890000000E+02,-0.122266690000000E+03
0.443339390000000E+02,-0.122261564000000E+03
0.443323840000000E+02,-0.122260578000000E+03
0.443271010000000E+02,-0.122259563000000E+03
0.443239670000000E+02,-0.122256380000000E+03
0.443210720000000E+02,-0.122251183000000E+03
0.443207190000000E+02,-0.122249072000000E+03
0.443208110000000E+02,-0.122248372000000E+03
0.443215200000000E+02,-0.122248372000000E+03
0.443246330000000E+02,-0.122241654000000E+03
0.443273120000000E+02,-0.122233661000000E+03
0.443292110000000E+02,-0.122231241000000E+03
0.443309250000000E+02,-0.122231498000000E+03
0.443321370000000E+02,-0.122230383000000E+03
0.443346460000000E+02,-0.122225562000000E+03
0.443363930000000E+02,-0.122220445000000E+03
0.443373540000000E+02,-0.122219426000000E+03
0.443383830000000E+02,-0.122219841000000E+03
0.443379930000000E+02,-0.122223664000000E+03
0.443386310000000E+02,-0.122229719000000E+03
0.443404370000000E+02,-0.122231887000000E+03
0.443426320000000E+02,-0.122232143000000E+03
0.443443480000000E+02,-0.122229500000000E+03
0.443464290000000E+02,-0.122228768000000E+03
0.443468400000000E+02,-0.122230967000000E+03
0.443461530000000E+02,-0.122233803000000E+03
0.443467240000000E+02,-0.122234472000000E+03
0.443498120000000E+02,-0.122232977000000E+03
0.443511400000000E+02,-0.122226796000000E+03
0.443529470000000E+02,-0.122225108000000E+03
0.443559880000000E+02,-0.122226862000000E+03
0.443563530000000E+02,-0.122230368000000E+03
0.443461260000000E+02,-0.122245785000000E+03
0.443452100000000E+02,-0.122248078000000E+03
0.443453060000000E+02,-0.122249345000000E+03
0.443555000000000E+02,-0.122247547000000E+03
0.443591130000000E+02,-0.122245096000000E+03
0.443646480000000E+02,-0.122242711000000E+03
0.443686500000000E+02,-0.122242300000000E+03
0.443692670000000E+02,-0.122242874000000E+03
0.443710970000000E+02,-0.122242780000000E+03
0.443757340000000E+02,-0.122236362000000E+03
0.443795260000000E+02,-0.122235361000000E+03
0.443810580000000E+02,-0.122235458000000E+03
0.443815370000000E+02,-0.122236638000000E+03
0.443815590000000E+02,-0.122239042000000E+03
0.443798440000000E+02,-0.122241962000000E+03
0.443812130000000E+02,-0.122241986000000E+03
0.443852770000000E+02,-0.122239526000000E+03
0.443856530000000E+02,-0.122237247000000E+03
0.443851510000000E+02,-0.122235365000000E+03
0.443853660000000E+02,-0.122233943000000E+03
0.443920970000000E+02,-0.122246565000000E+03
0.443953440000000E+02,-0.122247557000000E+03
0.443953910000000E+02,-0.122244878000000E+03
0.443965140000000E+02,-0.122239202000000E+03
0.444010670000000E+02,-0.122232093000000E+03
0.444031260000000E+02,-0.122229766000000E+03
0.444092340000000E+02,-0.122217043000000E+03
0.444085260000000E+02,-0.122214618000000E+03
0.444089610000000E+02,-0.122210758000000E+03
0.444140840000000E+02,-0.122206613000000E+03
0.444186480000000E+02,-0.122206050000000E+03
0.444193660000000E+02,-0.122206381000000E+03
0.444198910000000E+02,-0.122211113000000E+03
0.444203710000000E+02,-0.122211784000000E+03
0.444231620000000E+02,-0.122209455000000E+03
0.444241680000000E+02,-0.122206137000000E+03
0.444256540000000E+02,-0.122209807000000E+03
0.444256990000000E+02,-0.122212009000000E+03
0.444217200000000E+02,-0.122226289000000E+03
0.444180350000000E+02,-0.122230479000000E+03
0.444163190000000E+02,-0.122231626000000E+03
0.444163180000000E+02,-0.122234051000000E+03
0.444176410000000E+02,-0.122242251000000E+03
0.444199470000000E+02,-0.122249529000000E+03
0.444196260000000E+02,-0.122252748000000E+03
0.444184150000000E+02,-0.122255206000000E+03
0.444163360000000E+02,-0.122257505000000E+03
0.444141440000000E+02,-0.122264653000000E+03
0.444141460000000E+02,-0.122268545000000E+03
0.444157690000000E+02,-0.122268289000000E+03
0.444203410000000E+02,-0.122264265000000E+03
0.444341940000000E+02,-0.122257360000000E+03
0.444383320000000E+02,-0.122254739000000E+03
0.444395210000000E+02,-0.122254738000000E+03
0.444522830000000E+02,-0.122260600000000E+03
0.444540900000000E+02,-0.122264014000000E+03
0.444548690000000E+02,-0.122267374000000E+03
0.444567610000000E+02,-0.122265633000000E+03
0.444597970000000E+02,-0.122255323000000E+03
0.444566730000000E+02,-0.122249120000000E+03
0.444560920000000E+02,-0.122240739000000E+03
0.444635820000000E+02,-0.122235333000000E+03
0.444741020000000E+02,-0.122229593000000E+03
0.444734150000000E+02,-0.122232211000000E+03
0.444718370000000E+02,-0.122234126000000E+03
0.444708770000000E+02,-0.122234125000000E+03
0.444664390000000E+02,-0.122238338000000E+03
0.444654540000000E+02,-0.122242711000000E+03
0.444614490000000E+02,-0.122248071000000E+03
0.444607850000000E+02,-0.122250752000000E+03
0.444634620000000E+02,-0.122256758000000E+03
0.444635570000000E+02,-0.122264772000000E+03
0.444602920000000E+02,-0.122275535000000E+03
0.444567030000000E+02,-0.122280805000000E+03
0.444549890000000E+02,-0.122282498000000E+03
0.444523600000000E+02,-0.122283713000000E+03
0.444514920000000E+02,-0.122285182000000E+03
0.444514930000000E+02,-0.122288406000000E+03
0.444527510000000E+02,-0.122297471000000E+03
0.444535060000000E+02,-0.122299003000000E+03
0.444511060000000E+02,-0.122306984000000E+03
0.444479290000000E+02,-0.122310049000000E+03
0.444465570000000E+02,-0.122310241000000E+03
0.444429890000000E+02,-0.122314199000000E+03
0.444420060000000E+02,-0.122321221000000E+03
0.444401080000000E+02,-0.122321603000000E+03
0.444375010000000E+02,-0.122324092000000E+03
0.444353740000000E+02,-0.122328336000000E+03
0.444348480000000E+02,-0.122331815000000E+03
0.444362650000000E+02,-0.122335965000000E+03
0.444398540000000E+02,-0.122338456000000E+03
0.444411340000000E+02,-0.122343276000000E+03
0.444381830000000E+02,-0.122345796000000E+03
0.444313910000000E+02,-0.122348887000000E+03
0.444296520000000E+02,-0.122353003000000E+03
0.444292150000000E+02,-0.122358523000000E+03
0.444267220000000E+02,-0.122359478000000E+03
0.444255780000000E+02,-0.122361456000000E+03
0.444254850000000E+02,-0.122366402000000E+03
0.444218700000000E+02,-0.122369398000000E+03
0.444172250000000E+02,-0.122375104000000E+03
0.444163110000000E+02,-0.122378488000000E+03
0.444164500000000E+02,-0.122382188000000E+03
0.444157450000000E+02,-0.122390676000000E+03
0.444136430000000E+02,-0.122394857000000E+03
0.444104880000000E+02,-0.122397443000000E+03
0.444092760000000E+02,-0.122397923000000E+03
0.444073570000000E+02,-0.122402390000000E+03
0.444082740000000E+02,-0.122408992000000E+03
0.444081220000000E+02,-0.122415004000000E+03
0.444048700000000E+02,-0.122432790000000E+03
0.444047040000000E+02,-0.122437407000000E+03
0.444031100000000E+02,-0.122439585000000E+03
0.444009370000000E+02,-0.122439521000000E+03
0.443991310000000E+02,-0.122441753000000E+03
0.443975980000000E+02,-0.122446186000000E+03
0.443975750000000E+02,-0.122450363000000E+03
0.444037400000000E+02,-0.122452761000000E+03
0.444104840000000E+02,-0.122453863000000E+03
0.444096250000000E+02,-0.122460001000000E+03
0.444125050000000E+02,-0.122466861000000E+03
0.444156600000000E+02,-0.122468203000000E+03
0.444190210000000E+02,-0.122467981000000E+03
0.444205710000000E+02,-0.122466645000000E+03
0.444198560000000E+02,-0.122463491000000E+03
0.444245790000000E+02,-0.122464027000000E+03
0.444262710000000E+02,-0.122465272000000E+03
0.444322820000000E+02,-0.122474210000000E+03
0.444320760000000E+02,-0.122477211000000E+03
0.444296130000000E+02,-0.122479171000000E+03
0.444287820000000E+02,-0.122479985000000E+03
0.444317990000000E+02,-0.122483051000000E+03
0.444330790000000E+02,-0.122485732000000E+03
0.444330790000000E+02,-0.122485732000000E+03
0.444358000000000E+02,-0.122485447000000E+03
0.444370120000000E+02,-0.122486150000000E+03
0.444359530000000E+02,-0.122500716000000E+03
0.444381990000000E+02,-0.122505534000000E+03
0.444373530000000E+02,-0.122512501000000E+03
0.444363020000000E+02,-0.122514417000000E+03
0.444353870000000E+02,-0.122515088000000E+03
0.444350910000000E+02,-0.122516844000000E+03
0.444360300000000E+02,-0.122523673000000E+03
0.444369680000000E+02,-0.122525460000000E+03
0.444363310000000E+02,-0.122535354000000E+03
0.444336330000000E+02,-0.122537972000000E+03
0.444312920000000E+02,-0.122546335000000E+03
0.444315880000000E+02,-0.122550512000000E+03
0.444323960000000E+02,-0.122551604000000E+03
0.444321270000000E+02,-0.122560790000000E+03
0.444300000000000E+02,-0.122563471000000E+03
0.444292910000000E+02,-0.122557057000000E+03
0.444263680000000E+02,-0.122551453000000E+03
0.444197140000000E+02,-0.122546103000000E+03
0.444187720000000E+02,-0.122546209000000E+03
0.444190080000000E+02,-0.122547454000000E+03
0.444158230000000E+02,-0.122553900000000E+03
0.444131290000000E+02,-0.122555874000000E+03
0.444111670000000E+02,-0.122555918000000E+03
0.444078770000000E+02,-0.122557026000000E+03
0.444056650000000E+02,-0.122558601000000E+03
0.444093360000000E+02,-0.122560550000000E+03
0.444122450000000E+02,-0.122564779000000E+03
0.444141080000000E+02,-0.122569309000000E+03
0.444108150000000E+02,-0.122575370000000E+03
0.444091460000000E+02,-0.122575625000000E+03
0.444058980000000E+02,-0.122579229000000E+03
0.444043880000000E+02,-0.122582992000000E+03
0.444046390000000E+02,-0.122587841000000E+03
0.444059420000000E+02,-0.122591350000000E+03
0.444092570000000E+02,-0.122591447000000E+03
0.444114280000000E+02,-0.122596425000000E+03
0.444145140000000E+02,-0.122600702000000E+03
0.444196590000000E+02,-0.122602747000000E+03
0.444218120000000E+02,-0.122619395000000E+03
0.444228290000000E+02,-0.122619755000000E+03
0.444258010000000E+02,-0.122618464000000E+03
0.444258010000000E+02,-0.122618464000000E+03
0.444240200000000E+02,-0.122616630000000E+03
0.444230380000000E+02,-0.122612225000000E+03
0.444233130000000E+02,-0.122610375000000E+03
0.444318020000000E+02,-0.122596181000000E+03
0.444357820000000E+02,-0.122593566000000E+03
0.444377970000000E+02,-0.122580801000000E+03
0.444395120000000E+02,-0.122576907000000E+03
0.444395120000000E+02,-0.122576907000000E+03
0.444403820000000E+02,-0.122567811000000E+03
0.444426680000000E+02,-0.122561364000000E+03
0.444449070000000E+02,-0.122551429000000E+03
0.444478700000000E+02,-0.122547022000000E+03
0.444487500000000E+02,-0.122546393000000E+03
0.444516090000000E+02,-0.122551053000000E+03
0.444455490000000E+02,-0.122557406000000E+03
0.444441550000000E+02,-0.122558108000000E+03
0.444432860000000E+02,-0.122563343000000E+03
0.444411820000000E+02,-0.122568067000000E+03
0.444404730000000E+02,-0.122574227000000E+03
0.444386420000000E+02,-0.122581663000000E+03
0.444402430000000E+02,-0.122584600000000E+03
0.444437870000000E+02,-0.122585750000000E+03
0.444488840000000E+02,-0.122596404000000E+03
0.444470090000000E+02,-0.122596222000000E+03
0.444459120000000E+02,-0.122593540000000E+03
0.444452940000000E+02,-0.122593284000000E+03
0.444409150000000E+02,-0.122595260000000E+03
0.444400890000000E+02,-0.122596166000000E+03
0.444395240000000E+02,-0.122598837000000E+03
0.444399290000000E+02,-0.122609941000000E+03
0.444393840000000E+02,-0.122620514000000E+03
0.444425620000000E+02,-0.122621786000000E+03
0.444461990000000E+02,-0.122620194000000E+03
0.444494920000000E+02,-0.122620963000000E+03
0.444504980000000E+02,-0.122622913000000E+03
0.444450580000000E+02,-0.122625626000000E+03
0.444399440000000E+02,-0.122626799000000E+03
0.444361500000000E+02,-0.122626599000000E+03
0.444283620000000E+02,-0.122632309000000E+03
0.444293460000000E+02,-0.122638699000000E+03
0.444281220000000E+02,-0.122643400000000E+03
0.444289460000000E+02,-0.122644080000000E+03
0.444328550000000E+02,-0.122641556000000E+03
0.444391010000000E+02,-0.122641552000000E+03
0.444439440000000E+02,-0.122637577000000E+03
0.444449810000000E+02,-0.122637580000000E+03
0.444460170000000E+02,-0.122638454000000E+03
0.444460710000000E+02,-0.122640655000000E+03
0.444459200000000E+02,-0.122644114000000E+03
0.444448400000000E+02,-0.122646483000000E+03
0.444461640000000E+02,-0.122648802000000E+03
0.444484930000000E+02,-0.122650772000000E+03
0.444504830000000E+02,-0.122650643000000E+03
0.444505020000000E+02,-0.122652443000000E+03
0.444485020000000E+02,-0.122657709000000E+03
0.444418200000000E+02,-0.122666991000000E+03
0.444412030000000E+02,-0.122667183000000E+03
0.444389160000000E+02,-0.122665683000000E+03
0.444354770000000E+02,-0.122666481000000E+03
0.444294770000000E+02,-0.122669597000000E+03
0.444299160000000E+02,-0.122671176000000E+03
0.444313120000000E+02,-0.122672644000000E+03
0.444320880000000E+02,-0.122675349000000E+03
0.444319810000000E+02,-0.122676893000000E+03
0.444300490000000E+02,-0.122678705000000E+03
0.444300490000000E+02,-0.122678705000000E+03
0.444306400000000E+02,-0.122681451000000E+03
0.444306400000000E+02,-0.122681451000000E+03
0.444353830000000E+02,-0.122684691000000E+03
0.444384610000000E+02,-0.122683398000000E+03
0.444434910000000E+02,-0.122688492000000E+03
0.444465470000000E+02,-0.122690602000000E+03
0.444520260000000E+02,-0.122689517000000E+03
0.444547360000000E+02,-0.122688443000000E+03
0.444586750000000E+02,-0.122682470000000E+03
0.444589040000000E+02,-0.122680203000000E+03
0.444565480000000E+02,-0.122676596000000E+03
0.444563800000000E+02,-0.122675231000000E+03
0.444600120000000E+02,-0.122675903000000E+03
0.444628140000000E+02,-0.122675830000000E+03
0.444633620000000E+02,-0.122669826000000E+03
0.444628570000000E+02,-0.122663472000000E+03
0.444603630000000E+02,-0.122655267000000E+03
0.444596650000000E+02,-0.122654821000000E+03
0.444590360000000E+02,-0.122653065000000E+03
0.444583940000000E+02,-0.122650128000000E+03
0.444610420000000E+02,-0.122637546000000E+03
0.444624280000000E+02,-0.122635969000000E+03
0.444627650000000E+02,-0.122636419000000E+03
0.444637230000000E+02,-0.122636231000000E+03
0.444649170000000E+02,-0.122633804000000E+03
0.444649100000000E+02,-0.122632572000000E+03
0.444604900000000E+02,-0.122621484000000E+03
0.444566720000000E+02,-0.122621225000000E+03
0.444541790000000E+02,-0.122622117000000E+03
0.444567660000000E+02,-0.122620552000000E+03
0.444632790000000E+02,-0.122618682000000E+03
0.444658110000000E+02,-0.122621014000000E+03
0.444660440000000E+02,-0.122626195000000E+03
0.444703000000000E+02,-0.122630833000000E+03
0.444711690000000E+02,-0.122630672000000E+03
0.444747230000000E+02,-0.122626196000000E+03
0.444774580000000E+02,-0.122634658000000E+03
0.444761120000000E+02,-0.122641781000000E+03
0.444741710000000E+02,-0.122647787000000E+03
0.444702180000000E+02,-0.122655517000000E+03
0.444696020000000E+02,-0.122657561000000E+03
0.444707230000000E+02,-0.122663788000000E+03
0.444725990000000E+02,-0.122667843000000E+03
0.444726900000000E+02,-0.122670461000000E+03
0.444723840000000E+02,-0.122674041000000E+03
0.444694140000000E+02,-0.122679677000000E+03
0.444681560000000E+02,-0.122685913000000E+03
0.444690000000000E+02,-0.122686477000000E+03
0.444700220000000E+02,-0.122686067000000E+03
0.444710030000000E+02,-0.122686430000000E+03
0.444718860000000E+02,-0.122687476000000E+03
0.444733020000000E+02,-0.122691752000000E+03
0.444730330000000E+02,-0.122693801000000E+03
0.444734300000000E+02,-0.122696639000000E+03
0.444745600000000E+02,-0.122697733000000E+03
0.444773740000000E+02,-0.122695424000000E+03
0.444785080000000E+02,-0.122691293000000E+03
0.444883100000000E+02,-0.122685463000000E+03
0.444947260000000E+02,-0.122685273000000E+03
0.444944840000000E+02,-0.122686023000000E+03
0.444953280000000E+02,-0.122687937000000E+03
0.444984980000000E+02,-0.122683679000000E+03
0.445042360000000E+02,-0.122682187000000E+03
0.445061170000000E+02,-0.122683435000000E+03
0.445106070000000E+02,-0.122689865000000E+03
0.445123630000000E+02,-0.122694487000000E+03
0.445163900000000E+02,-0.122697903000000E+03
0.445179510000000E+02,-0.122698253000000E+03
0.445201260000000E+02,-0.122703495000000E+03
0.445221610000000E+02,-0.122706756000000E+03
0.445257740000000E+02,-0.122705510000000E+03
0.445285190000000E+02,-0.122698990000000E+03
0.445318140000000E+02,-0.122677820000000E+03
0.445325940000000E+02,-0.122678550000000E+03
0.445335310000000E+02,-0.122681613000000E+03
0.445378480000000E+02,-0.122702796000000E+03
0.445422160000000E+02,-0.122699632000000E+03
0.445435880000000E+02,-0.122697458000000E+03
0.445432460000000E+02,-0.122687386000000E+03
0.445450290000000E+02,-0.122685596000000E+03
0.445461720000000E+02,-0.122683070000000E+03
0.445460810000000E+02,-0.122680831000000E+03
0.445448230000000E+02,-0.122677442000000E+03
0.445446630000000E+02,-0.122675236000000E+03
0.445453480000000E+02,-0.122671943000000E+03
0.445475658511719E+02,-0.122669430030469E+03
0.445485710000000E+02,-0.122665898000000E+03
0.445485710000000E+02,-0.122663756000000E+03
0.445476100000000E+02,-0.122660878000000E+03
0.445491190000000E+02,-0.122662924000000E+03
0.445504930000000E+02,-0.122668200000000E+03
0.445496157983398E+02,-0.122671251437109E+03
0.445496480000000E+02,-0.122676130000000E+03
0.445503800000000E+02,-0.122681886000000E+03
0.445511570000000E+02,-0.122682046000000E+03
0.445535350000000E+02,-0.122680862000000E+03
0.445550220000000E+02,-0.122681022000000E+03
0.445557760000000E+02,-0.122681917000000E+03
0.445560050000000E+02,-0.122686874000000E+03
0.445555940000000E+02,-0.122691895000000E+03
0.445564400000000E+02,-0.122692471000000E+03
0.445570110000000E+02,-0.122692311000000E+03
0.445580630000000E+02,-0.122690712000000E+03
0.445581780000000E+02,-0.122688505000000E+03
0.445594120000000E+02,-0.122686906000000E+03
0.445620780000000E+02,-0.122691486000000E+03
0.445608300000000E+02,-0.122698516000000E+03
0.445630800000000E+02,-0.122707703000000E+03
0.445640990000000E+02,-0.122708048000000E+03
0.445655390000000E+02,-0.122707568000000E+03
0.445660650000000E+02,-0.122707025000000E+03
0.445660890000000E+02,-0.122702739000000E+03
0.445650140000000E+02,-0.122699124000000E+03
0.445652890000000E+02,-0.122695222000000E+03
0.445679420000000E+02,-0.122692152000000E+03
0.445686510000000E+02,-0.122687993000000E+03
0.445677360000000E+02,-0.122683963000000E+03
0.445653340000000E+02,-0.122679133000000E+03
0.445667280000000E+02,-0.122668322000000E+03
0.445661980000000E+02,-0.122661994000000E+03
0.445669740000000E+02,-0.122659145000000E+03
0.445699080000000E+02,-0.122655615000000E+03
0.445728690000000E+02,-0.122655619000000E+03
0.445779760000000E+02,-0.122658944000000E+03
0.445823210000000E+02,-0.122660094000000E+03
0.445836710000000E+02,-0.122662941000000E+03
0.445855920000000E+02,-0.122670125000000E+03
0.445877490000000E+02,-0.122669646000000E+03
0.445901490000000E+02,-0.122668224000000E+03
0.445905700000000E+02,-0.122666227000000E+03
0.445897770000000E+02,-0.122663734000000E+03
0.445930120000000E+02,-0.122663571000000E+03
0.445982850000000E+02,-0.122675319000000E+03
0.445987880000000E+02,-0.122679960000000E+03
0.445989820000000E+02,-0.122694112000000E+03
0.446005270000000E+02,-0.122694202000000E+03
0.445996230000000E+02,-0.122702180000000E+03
0.445996230000000E+02,-0.122702180000000E+03
0.446003080000000E+02,-0.122701401000000E+03
0.446051300000000E+02,-0.122700401000000E+03
0.446067920000000E+02,-0.122701244000000E+03
0.446102890000000E+02,-0.122704510000000E+03
0.446146560000000E+02,-0.122706912000000E+03
0.446277700000000E+02,-0.122704323000000E+03
0.446303090000000E+02,-0.122699168000000E+03
0.446311360000000E+02,-0.122691822000000E+03
0.446296540000000E+02,-0.122679629000000E+03
0.446279110000000E+02,-0.122675292000000E+03
0.446281540000000E+02,-0.122670313000000E+03
0.446300650000000E+02,-0.122667810000000E+03
0.446330760000000E+02,-0.122678866000000E+03
0.446322300000000E+02,-0.122686071000000E+03
0.446338080000000E+02,-0.122689242000000E+03
0.446352950000000E+02,-0.122693821000000E+03
0.446360480000000E+02,-0.122703428000000E+03
0.446372600000000E+02,-0.122704037000000E+03
0.446585610000000E+02,-0.122704812000000E+03
0.446636320000000E+02,-0.122702586000000E+03
0.446718730000000E+02,-0.122697236000000E+03
0.446741690000000E+02,-0.122695052000000E+03
0.446790150000000E+02,-0.122693024000000E+03
0.446924830000000E+02,-0.122691646000000E+03
0.446939240000000E+02,-0.122691806000000E+03
0.446949190000000E+02,-0.122692855000000E+03
0.446979350000000E+02,-0.122692839000000E+03
0.446990920000000E+02,-0.122685363000000E+03
0.446987400000000E+02,-0.122681040000000E+03
0.446979940000000E+02,-0.122678503000000E+03
0.446933970000000E+02,-0.122673022000000E+03
0.446895620000000E+02,-0.122670590000000E+03
0.446868570000000E+02,-0.122670652000000E+03
0.446844790000000E+02,-0.122670016000000E+03
0.446810290000000E+02,-0.122668295000000E+03
0.446780070000000E+02,-0.122665783000000E+03
0.446701140000000E+02,-0.122652905000000E+03
0.446685580000000E+02,-0.122649028000000E+03
0.446678930000000E+02,-0.122644030000000E+03
0.446669320000000E+02,-0.122642044000000E+03
0.446646680000000E+02,-0.122640412000000E+03
0.446603800000000E+02,-0.122639557000000E+03
0.446639980000000E+02,-0.122628983000000E+03
0.446657470000000E+02,-0.122627215000000E+03
0.446662780000000E+02,-0.122627267000000E+03
0.446750540000000E+02,-0.122635020000000E+03
0.446768250000000E+02,-0.122632340000000E+03
0.446811750000000E+02,-0.122627990000000E+03
0.446833420000000E+02,-0.122627153000000E+03
0.446915990000000E+02,-0.122629459000000E+03
0.446934520000000E+02,-0.122631413000000E+03
0.446938420000000E+02,-0.122633271000000E+03
0.446962420000000E+02,-0.122633141000000E+03
0.446968820000000E+02,-0.122631441000000E+03
0.446969250000000E+02,-0.122627049000000E+03
0.446952570000000E+02,-0.122623962000000E+03
0.446978890000000E+02,-0.122620503000000E+03
0.447016850000000E+02,-0.122618904000000E+03
0.447060300000000E+02,-0.122617978000000E+03
0.447081130000000E+02,-0.122614196000000E+03
0.447078170000000E+02,-0.122610797000000E+03
0.447095330000000E+02,-0.122607304000000E+03
0.447103790000000E+02,-0.122607400000000E+03
0.447124330000000E+02,-0.122609087000000E+03
0.447111810000000E+02,-0.122603906000000E+03
0.447093760000000E+02,-0.122599351000000E+03
0.447091480000000E+02,-0.122598005000000E+03
0.447097660000000E+02,-0.122594510000000E+03
0.447086365294922E+02,-0.122590591858594E+03
0.447075115294922E+02,-0.122589725458594E+03
0.447063830000000E+02,-0.122587583000000E+03
0.447046470000000E+02,-0.122581265000000E+03
0.447044640000000E+02,-0.122576648000000E+03
0.447049990000000E+02,-0.122576388000000E+03
0.447069100000000E+02,-0.122583798000000E+03
0.447102170000000E+02,-0.122590419000000E+03
0.447138800000000E+02,-0.122591816000000E+03
0.447169060000000E+02,-0.122592036000000E+03
0.447178370000000E+02,-0.122598555000000E+03
0.447199380000000E+02,-0.122604200000000E+03
0.447232300000000E+02,-0.122606191000000E+03
0.447276210000000E+02,-0.122606355000000E+03
0.447276210000000E+02,-0.122606355000000E+03
0.447278730000000E+02,-0.122603885000000E+03
0.447293370000000E+02,-0.122601256000000E+03
0.447305280000000E+02,-0.122594457000000E+03
0.447307640000000E+02,-0.122589619000000E+03
0.447301650000000E+02,-0.122584351000000E+03
0.447292280000000E+02,-0.122581336000000E+03
0.447269420000000E+02,-0.122577005000000E+03
0.447262330000000E+02,-0.122573349000000E+03
0.447285890000000E+02,-0.122565972000000E+03
0.447279250000000E+02,-0.122561963000000E+03
0.447281770000000E+02,-0.122554425000000E+03
0.447294340000000E+02,-0.122550127000000E+03
0.447304230000000E+02,-0.122548545000000E+03
0.447294920000000E+02,-0.122538497000000E+03
0.447300350000000E+02,-0.122536118000000E+03
0.447290210000000E+02,-0.122529755000000E+03
0.447274360000000E+02,-0.122526614000000E+03
0.447275330000000E+02,-0.122520642000000E+03
0.447241980000000E+02,-0.122519859000000E+03
0.447224950000000E+02,-0.122518777000000E+03
0.447215990000000E+02,-0.122516685000000E+03
0.447212020000000E+02,-0.122514520000000E+03
0.447219300000000E+02,-0.122507812000000E+03
0.447195810000000E+02,-0.122480574000000E+03
0.447227130000000E+02,-0.122474387000000E+03
0.447215880000000E+02,-0.122465279000000E+03
0.447248360000000E+02,-0.122463805000000E+03
0.447251100000000E+02,-0.122462074000000E+03
0.447245400000000E+02,-0.122456236000000E+03
0.447279700000000E+02,-0.122454505000000E+03
0.447327950000000E+02,-0.122454378000000E+03
0.447341210000000E+02,-0.122455277000000E+03
0.447347150000000E+02,-0.122456945000000E+03
0.447347150000000E+02,-0.122456945000000E+03
0.447361560000000E+02,-0.122455405000000E+03
0.447423550000000E+02,-0.122455431000000E+03
0.447419520000000E+02,-0.122443335000000E+03
0.447419520000000E+02,-0.122443335000000E+03
0.447355620000000E+02,-0.122442927000000E+03
0.447301890000000E+02,-0.122444049000000E+03
0.447276960000000E+02,-0.122445428000000E+03
0.447229170000000E+02,-0.122442894000000E+03
0.447106610000000E+02,-0.122425642000000E+03
0.447070010000000E+02,-0.122417306000000E+03
0.447011910000000E+02,-0.122410287000000E+03
0.446973210000000E+02,-0.122391311000000E+03
0.446980060000000E+02,-0.122388809000000E+03
0.447000390000000E+02,-0.122386467000000E+03
0.447018670000000E+02,-0.122371526000000E+03
0.447025190000000E+02,-0.122371666000000E+03
0.447038830000000E+02,-0.122376863000000E+03
0.447027780000000E+02,-0.122391243000000E+03
0.447041880000000E+02,-0.122393476000000E+03
0.447066720000000E+02,-0.122395059000000E+03
0.447072840000000E+02,-0.122397946000000E+03
0.447084690000000E+02,-0.122401214000000E+03
0.447082170000000E+02,-0.122405679000000E+03
0.447076920000000E+02,-0.122407248000000E+03
0.447091780000000E+02,-0.122410327000000E+03
0.447146930000000E+02,-0.122414593000000E+03
0.447157850000000E+02,-0.122418861000000E+03
0.447192990000000E+02,-0.122422856000000E+03
0.447217510000000E+02,-0.122428205000000E+03
0.447239920000000E+02,-0.122430930000000E+03
0.447291600000000E+02,-0.122431668000000E+03
0.447297770000000E+02,-0.122430737000000E+03
0.447315370000000E+02,-0.122424193000000E+03
0.447308500000000E+02,-0.122419690000000E+03
0.447300410000000E+02,-0.122417550000000E+03
0.447297730000000E+02,-0.122412393000000E+03
0.447305800000000E+02,-0.122410302000000E+03
0.447329120000000E+02,-0.122408552000000E+03
0.447339310000000E+02,-0.122406173000000E+03
0.447329600000000E+02,-0.122400351000000E+03
0.447310770000000E+02,-0.122395247000000E+03
0.447332890000000E+02,-0.122393655000000E+03
0.447375870000000E+02,-0.122393158000000E+03
0.447404000000000E+02,-0.122393650000000E+03
0.447438340000000E+02,-0.122395874000000E+03
0.447454100000000E+02,-0.122391609000000E+03
0.447448120000000E+02,-0.122390502000000E+03
0.447434400000000E+02,-0.122389443000000E+03
0.447402150000000E+02,-0.122388708000000E+03
0.447399410000000E+02,-0.122388291000000E+03
0.447388870000000E+02,-0.122384443000000E+03
0.447383580000000E+02,-0.122377386000000E+03
0.447365540000000E+02,-0.122371913000000E+03
0.447318670000000E+02,-0.122369631000000E+03
0.447263570000000E+02,-0.122369401000000E+03
0.447235450000000E+02,-0.122367603000000E+03
0.447216030000000E+02,-0.122363688000000E+03
0.447198910000000E+02,-0.122358299000000E+03
0.447170330000000E+02,-0.122356277000000E+03
0.447178840000000E+02,-0.122349071000000E+03
0.447195220000000E+02,-0.122349787000000E+03
0.447210920000000E+02,-0.122356220000000E+03
0.447239120000000E+02,-0.122362037000000E+03
0.447267540000000E+02,-0.122366526000000E+03
0.447292700000000E+02,-0.122367084000000E+03
0.447341210000000E+02,-0.122362173000000E+03
0.447349360000000E+02,-0.122359209000000E+03
0.447355250000000E+02,-0.122349771000000E+03
0.447384800000000E+02,-0.122337316000000E+03
0.447387820000000E+02,-0.122336464000000E+03
0.447391430000000E+02,-0.122336681000000E+03
0.447406220000000E+02,-0.122338656000000E+03
0.447416070000000E+02,-0.122336089000000E+03
0.447333880000000E+02,-0.122331460000000E+03
0.447342600000000E+02,-0.122329593000000E+03
0.447375270000000E+02,-0.122327259000000E+03
0.447423290000000E+02,-0.122328254000000E+03
0.447540530000000E+02,-0.122333264000000E+03
0.447557000000000E+02,-0.122334356000000E+03
0.447589480000000E+02,-0.122325275000000E+03
0.447594050000000E+02,-0.122318954000000E+03
0.447563870000000E+02,-0.122311091000000E+03
0.447540990000000E+02,-0.122295560000000E+03
0.447564770000000E+02,-0.122294821000000E+03
0.447645940000000E+02,-0.122295428000000E+03
0.447718780000000E+02,-0.122293916000000E+03
0.447715460000000E+02,-0.122295779000000E+03
0.447737410000000E+02,-0.122297737000000E+03
0.447781760000000E+02,-0.122294300000000E+03
0.447833180000000E+02,-0.122283351000000E+03
0.447839580000000E+02,-0.122281264000000E+03
0.447833390000000E+02,-0.122277283000000E+03
0.447829500000000E+02,-0.122276256000000E+03
0.447818070000000E+02,-0.122276000000000E+03
0.447816470000000E+02,-0.122275454000000E+03
0.447827900000000E+02,-0.122274394000000E+03
0.447840700000000E+02,-0.122275132000000E+03
0.447840700000000E+02,-0.122275132000000E+03
0.447851240000000E+02,-0.122273186000000E+03
0.447862300000000E+02,-0.122265467000000E+03
0.447856920000000E+02,-0.122261560000000E+03
0.447846050000000E+02,-0.122260038000000E+03
0.447830840000000E+02,-0.122255485000000E+03
0.447857830000000E+02,-0.122253614000000E+03
0.447877190000000E+02,-0.122247053000000E+03
0.447849250000000E+02,-0.122238347000000E+03
0.447828080000000E+02,-0.122237500000000E+03
0.447817530000000E+02,-0.122235444000000E+03
0.447819960000000E+02,-0.122231947000000E+03
0.447842080000000E+02,-0.122228659000000E+03
0.447885970000000E+02,-0.122231038000000E+03
0.447914300000000E+02,-0.122236787000000E+03
0.447947210000000E+02,-0.122241608000000E+03
0.447955890000000E+02,-0.122241769000000E+03
0.447989510000000E+02,-0.122240873000000E+03
0.448076380000000E+02,-0.122244638000000E+03
0.448093990000000E+02,-0.122242649000000E+03
0.448117090000000E+02,-0.122241687000000E+03
0.448254500000000E+02,-0.122242952000000E+03
0.448269820000000E+02,-0.122244432000000E+03
0.448275060000000E+02,-0.122246713000000E+03
0.448311850000000E+02,-0.122250791000000E+03
0.448315520000000E+02,-0.122249706000000E+03
0.448296780000000E+02,-0.122248226000000E+03
0.448282160000000E+02,-0.122244433000000E+03
0.448309380000000E+02,-0.122243664000000E+03
0.448337950000000E+02,-0.122245370000000E+03
0.448360100000000E+02,-0.122248369000000E+03
0.448327690000000E+02,-0.122240392000000E+03
0.448302230000000E+02,-0.122239928000000E+03
0.448236370000000E+02,-0.122237101000000E+03
0.448204540000000E+02,-0.122235070000000E+03
0.448122910000000E+02,-0.122233941000000E+03
0.448081710000000E+02,-0.122236719000000E+03
0.447971550000000E+02,-0.122233667000000E+03
0.447922540000000E+02,-0.122231177000000E+03
0.447900510000000E+02,-0.122227628000000E+03
0.447856840000000E+02,-0.122225592000000E+03
0.447851540000000E+02,-0.122224591000000E+03
0.447851960000000E+02,-0.122221706000000E+03
0.447855820000000E+02,-0.122220088000000E+03
0.447878470000000E+02,-0.122215915000000E+03
0.447920320000000E+02,-0.122211486000000E+03
0.447926960000000E+02,-0.122209881000000E+03
0.447919410000000E+02,-0.122209238000000E+03
0.447901350000000E+02,-0.122209013000000E+03
0.447880770000000E+02,-0.122209975000000E+03
0.447866140000000E+02,-0.122209911000000E+03
0.447841670000000E+02,-0.122207823000000E+03
0.447901130000000E+02,-0.122202559000000E+03
0.447956470000000E+02,-0.122199735000000E+03
0.447987560000000E+02,-0.122200281000000E+03
0.448026430000000E+02,-0.122202755000000E+03
0.448084050000000E+02,-0.122205036000000E+03
0.448130010000000E+02,-0.122202629000000E+03
0.448140760000000E+02,-0.122200958000000E+03
0.448178480000000E+02,-0.122199578000000E+03
0.448197690000000E+02,-0.122200028000000E+03
0.448208430000000E+02,-0.122201474000000E+03
0.448219180000000E+02,-0.122201892000000E+03
0.448346540000000E+02,-0.122199582000000E+03
0.448385640000000E+02,-0.122199807000000E+03
0.448422900000000E+02,-0.122202829000000E+03
0.448434100000000E+02,-0.122205272000000E+03
0.448455140000000E+02,-0.122208165000000E+03
0.448469670000000E+02,-0.122207508000000E+03
0.448494700000000E+02,-0.122204309000000E+03
0.448545010000000E+02,-0.122186020000000E+03
0.448571750000000E+02,-0.122173741000000E+03
0.448568080000000E+02,-0.122170430000000E+03
0.448552760000000E+02,-0.122166059000000E+03
0.448502210000000E+02,-0.122160628000000E+03
0.448471340000000E+02,-0.122158573000000E+03
0.448438870000000E+02,-0.122157643000000E+03
0.448392460000000E+02,-0.122158352000000E+03
0.448383310000000E+02,-0.122158096000000E+03
0.448336200000000E+02,-0.122154082000000E+03
0.448263710000000E+02,-0.122151163000000E+03
0.448227120000000E+02,-0.122150330000000E+03
0.448203110000000E+02,-0.122150588000000E+03
0.448177970000000E+02,-0.122153385000000E+03
0.448172940000000E+02,-0.122151394000000E+03
0.448204900000000E+02,-0.122138670000000E+03
0.448233180000000E+02,-0.122131133000000E+03
0.448250450000000E+02,-0.122131224000000E+03
0.448277130000000E+02,-0.122133080000000E+03
0.448286930000000E+02,-0.122137348000000E+03
0.448314890000000E+02,-0.122139274000000E+03
0.448374230000000E+02,-0.122138744000000E+03
0.448451070000000E+02,-0.122136598000000E+03
0.448495380000000E+02,-0.122141865000000E+03
0.448518190000000E+02,-0.122140352000000E+03
0.448543700000000E+02,-0.122135032000000E+03
0.448595450000000E+02,-0.122135324000000E+03
0.448627680000000E+02,-0.122137181000000E+03
0.448651510000000E+02,-0.122140666000000E+03
0.448661730000000E+02,-0.122153765000000E+03
0.448656920000000E+02,-0.122165843000000E+03
0.448668500000000E+02,-0.122175517000000E+03
0.448666580000000E+02,-0.122178191000000E+03
0.448649270000000E+02,-0.122182248000000E+03
0.448644970000000E+02,-0.122184565000000E+03
0.448641150000000E+02,-0.122200531000000E+03
0.448688880000000E+02,-0.122203144000000E+03
0.448808400000000E+02,-0.122203997000000E+03
0.448863940000000E+02,-0.122213454000000E+03
0.448870420000000E+02,-0.122215902000000E+03
END,END
0.445039400000000E+02,-0.123596415000000E+03
0.444983290000000E+02,-0.123596391000000E+03
0.444983290000000E+02,-0.123596391000000E+03
0.444771960000000E+02,-0.123596852000000E+03
0.444772800000000E+02,-0.123597694000000E+03
0.444626940000000E+02,-0.123597757000000E+03
0.444535950000000E+02,-0.123598006000000E+03
0.444328850000000E+02,-0.123597221000000E+03
0.444335960000000E+02,-0.123606129000000E+03
0.444330930000000E+02,-0.123652093000000E+03
0.444337870000000E+02,-0.123674432000000E+03
0.444330530000000E+02,-0.123720420000000E+03
0.444067190000000E+02,-0.123720492000000E+03
0.444067350000000E+02,-0.123723423000000E+03
0.444055460000000E+02,-0.123725528000000E+03
0.444052700000000E+02,-0.123729642000000E+03
0.444085610000000E+02,-0.123735004000000E+03
0.444114180000000E+02,-0.123737718000000E+03
0.444115540000000E+02,-0.123740271000000E+03
0.444104770000000E+02,-0.123744353000000E+03
0.444114490000000E+02,-0.123747656000000E+03
0.444131060000000E+02,-0.123746844000000E+03
0.444163300000000E+02,-0.123746879000000E+03
0.444226170000000E+02,-0.123751758000000E+03
0.444271700000000E+02,-0.123757592000000E+03
0.444272170000000E+02,-0.123759443000000E+03
0.444264250000000E+02,-0.123760515000000E+03
0.444239930000000E+02,-0.123762716000000E+03
0.444221060000000E+02,-0.123763409000000E+03
0.444208470000000E+02,-0.123759896000000E+03
0.444190040000000E+02,-0.123759794000000E+03
0.444159470000000E+02,-0.123766472000000E+03
0.444159470000000E+02,-0.123766472000000E+03
0.444191730000000E+02,-0.123771384000000E+03
0.444233590000000E+02,-0.123776199000000E+03
0.444245020000000E+02,-0.123775209000000E+03
0.444251420000000E+02,-0.123773262000000E+03
0.444258280000000E+02,-0.123772687000000E+03
0.444282740000000E+02,-0.123773132000000E+03
0.444310190000000E+02,-0.123775045000000E+03
0.444332150000000E+02,-0.123778330000000E+03
0.444362580000000E+02,-0.123785031000000E+03
0.444381350000000E+02,-0.123790806000000E+03
0.444407880000000E+02,-0.123794189000000E+03
0.444446070000000E+02,-0.123797284000000E+03
0.444451330000000E+02,-0.123798242000000E+03
0.444447630000000E+02,-0.123799103000000E+03
0.444447630000000E+02,-0.123799103000000E+03
0.444443090000000E+02,-0.123799618000000E+03
0.444431720000000E+02,-0.123806422000000E+03
0.444433020000000E+02,-0.123810675000000E+03
0.444459190000000E+02,-0.123817383000000E+03
0.444461060000000E+02,-0.123820402000000E+03
0.444429580000000E+02,-0.123823423000000E+03
0.444433090000000E+02,-0.123829306000000E+03
0.444411970000000E+02,-0.123843117000000E+03
0.444424070000000E+02,-0.123847203000000E+03
0.444438940000000E+02,-0.123846406000000E+03
0.444464090000000E+02,-0.123847717000000E+03
0.444489460000000E+02,-0.123852315000000E+03
0.444492430000000E+02,-0.123853017000000E+03
0.444488290000000E+02,-0.123857103000000E+03
0.444495140000000E+02,-0.123861062000000E+03
0.444504960000000E+02,-0.123864191000000E+03
0.444526430000000E+02,-0.123868215000000E+03
0.444534630000000E+02,-0.123874537000000E+03
0.444560020000000E+02,-0.123878037000000E+03
0.444570540000000E+02,-0.123878419000000E+03
0.444583130000000E+02,-0.123879759000000E+03
0.444602120000000E+02,-0.123883109000000E+03
0.444602150000000E+02,-0.123888218000000E+03
0.444584550000000E+02,-0.123892019000000E+03
0.444590550000000E+02,-0.123907279000000E+03
0.444633540000000E+02,-0.123907149000000E+03
0.444645180000000E+02,-0.123900347000000E+03
0.444657060000000E+02,-0.123897090000000E+03
0.444679450000000E+02,-0.123893895000000E+03
0.444696380000000E+02,-0.123893926000000E+03
0.444710110000000E+02,-0.123897629000000E+03
0.444741900000000E+02,-0.123899926000000E+03
0.444778470000000E+02,-0.123895485000000E+03
0.444807250000000E+02,-0.123887562000000E+03
0.444812730000000E+02,-0.123886891000000E+03
0.444827370000000E+02,-0.123887241000000E+03
0.444850000000000E+02,-0.123885323000000E+03
0.444875580000000E+02,-0.123880559000000E+03
0.444881360000000E+02,-0.123878053000000E+03
0.444902920000000E+02,-0.123876691000000E+03
0.444933420000000E+02,-0.123877425000000E+03
0.444933420000000E+02,-0.123877425000000E+03
0.444954920000000E+02,-0.123877711000000E+03
0.445012480000000E+02,-0.123870528000000E+03
0.445031030000000E+02,-0.123862543000000E+03
0.445118190000000E+02,-0.123851494000000E+03
0.445140600000000E+02,-0.123850984000000E+03
0.445176060000000E+02,-0.123846800000000E+03
0.445195500000000E+02,-0.123843829000000E+03
0.445196190000000E+02,-0.123842454000000E+03
0.445169900000000E+02,-0.123840152000000E+03
0.445144980000000E+02,-0.123839319000000E+03
0.445067040000000E+02,-0.123821550000000E+03
0.445050800000000E+02,-0.123820751000000E+03
0.445027480000000E+02,-0.123820464000000E+03
0.444964450000000E+02,-0.123811711000000E+03
0.444994090000000E+02,-0.123809712000000E+03
0.444972950000000E+02,-0.123804960000000E+03
0.444881170000000E+02,-0.123795344000000E+03
0.444837070000000E+02,-0.123789002000000E+03
0.444836480000000E+02,-0.123784759000000E+03
0.444849150000000E+02,-0.123776492000000E+03
0.444846390000000E+02,-0.123774512000000E+03
0.444846390000000E+02,-0.123774512000000E+03
0.444820670000000E+02,-0.123772324000000E+03
0.444807730000000E+02,-0.123765847000000E+03
0.444819560000000E+02,-0.123754220000000E+03
0.444827330000000E+02,-0.123752942000000E+03
0.444823670000000E+02,-0.123748479000000E+03
0.444796040000000E+02,-0.123746211000000E+03
0.444766560000000E+02,-0.123737774000000E+03
0.444761770000000E+02,-0.123733015000000E+03
0.444737340000000E+02,-0.123728388000000E+03
0.444725080000000E+02,-0.123724954000000E+03
0.444723630000000E+02,-0.123720335000000E+03
0.444719520000000E+02,-0.123719632000000E+03
0.444665320000000E+02,-0.123721960000000E+03
0.444653170000000E+02,-0.123729431000000E+03
0.444657280000000E+02,-0.123731410000000E+03
0.444630270000000E+02,-0.123737539000000E+03
0.444595950000000E+02,-0.123742197000000E+03
0.444565530000000E+02,-0.123745163000000E+03
0.444557750000000E+02,-0.123745067000000E+03
0.444521410000000E+02,-0.123742541000000E+03
0.444503310000000E+02,-0.123748158000000E+03
0.444515880000000E+02,-0.123750425000000E+03
0.444505880000000E+02,-0.123763509000000E+03
0.444475240000000E+02,-0.123762713000000E+03
0.444431960000000E+02,-0.123751220000000E+03
0.444351720000000E+02,-0.123746642000000E+03
0.444332740000000E+02,-0.123746704000000E+03
0.444321760000000E+02,-0.123747501000000E+03
0.444300430000000E+02,-0.123748038000000E+03
0.444309200000000E+02,-0.123744787000000E+03
0.444343520000000E+02,-0.123740418000000E+03
0.444371240000000E+02,-0.123727400000000E+03
0.444394340000000E+02,-0.123724593000000E+03
0.444439390000000E+02,-0.123723287000000E+03
0.444466170000000E+02,-0.123716010000000E+03
0.444535020000000E+02,-0.123701871000000E+03
0.444540970000000E+02,-0.123701297000000E+03
0.444561090000000E+02,-0.123701361000000E+03
0.444563380000000E+02,-0.123700787000000E+03
0.444535940000000E+02,-0.123692263000000E+03
0.444534340000000E+02,-0.123688942000000E+03
0.444548750000000E+02,-0.123681057000000E+03
0.444568640000000E+02,-0.123676492000000E+03
0.444602480000000E+02,-0.123680769000000E+03
0.444604540000000E+02,-0.123682238000000E+03
0.444624440000000E+02,-0.123684441000000E+03
0.444725280000000E+02,-0.123689965000000E+03
0.444747920000000E+02,-0.123689167000000E+03
0.444754090000000E+02,-0.123688113000000E+03
0.444743110000000E+02,-0.123685973000000E+03
0.444742200000000E+02,-0.123681247000000E+03
0.444746770000000E+02,-0.123679107000000E+03
0.444792730000000E+02,-0.123679170000000E+03
0.444871160000000E+02,-0.123674538000000E+03
0.444943180000000E+02,-0.123671246000000E+03
0.444963080000000E+02,-0.123671309000000E+03
0.444967190000000E+02,-0.123671692000000E+03
0.444981150000000E+02,-0.123680989000000E+03
0.444951200000000E+02,-0.123687123000000E+03
0.444953030000000E+02,-0.123691212000000E+03
0.444957600000000E+02,-0.123691499000000E+03
0.444998420000000E+02,-0.123690940000000E+03
0.445032960000000E+02,-0.123689517000000E+03
0.445055140000000E+02,-0.123691755000000E+03
0.445045300000000E+02,-0.123695621000000E+03
0.445011920000000E+02,-0.123697793000000E+03
0.445020710000000E+02,-0.123701523000000E+03
0.445051380000000E+02,-0.123700510000000E+03
0.445082120000000E+02,-0.123697954000000E+03
0.445102020000000E+02,-0.123689389000000E+03
0.445094930000000E+02,-0.123683031000000E+03
0.445087150000000E+02,-0.123680315000000E+03
0.445059020000000E+02,-0.123676960000000E+03
0.445062910000000E+02,-0.123675906000000E+03
0.445093550000000E+02,-0.123678525000000E+03
0.445111160000000E+02,-0.123680730000000E+03
0.445191880000000E+02,-0.123681624000000E+03
0.445216340000000E+02,-0.123680409000000E+03
0.445239890000000E+02,-0.123676765000000E+03
0.445276990000000E+02,-0.123677603000000E+03
0.445275700000000E+02,-0.123678306000000E+03
0.445291110000000E+02,-0.123678042000000E+03
0.445339820000000E+02,-0.123680343000000E+03
0.445358800000000E+02,-0.123679256000000E+03
0.445372620000000E+02,-0.123677462000000E+03
0.445372620000000E+02,-0.123677462000000E+03
0.445344850000000E+02,-0.123675580000000E+03
0.445318780000000E+02,-0.123674717000000E+03
0.445285610000000E+02,-0.123664585000000E+03
0.445280090000000E+02,-0.123655156000000E+03
0.445284200000000E+02,-0.123652535000000E+03
0.445283720000000E+02,-0.123644127000000E+03
0.445277970000000E+02,-0.123638183000000E+03
0.445255570000000E+02,-0.123638121000000E+03
0.445235450000000E+02,-0.123640423000000E+03
0.445226990000000E+02,-0.123640776000000E+03
0.445197700000000E+02,-0.123636048000000E+03
0.445114450000000E+02,-0.123632604000000E+03
0.445056140000000E+02,-0.123631012000000E+03
0.445075330000000E+02,-0.123628135000000E+03
0.445026170000000E+02,-0.123622858000000E+03
0.445025530000000E+02,-0.123611643000000E+03
0.445010000000000E+02,-0.123607200000000E+03
0.445012760000000E+02,-0.123604644000000E+03
0.445030600000000E+02,-0.123601067000000E+03
0.445042730000000E+02,-0.123600301000000E+03
0.445045470000000E+02,-0.123600716000000E+03
0.445050270000000E+02,-0.123600397000000E+03
0.445049590000000E+02,-0.123598033000000E+03
0.445039400000000E+02,-0.123596415000000E+03
END,END
0.448550330000000E+02,-0.124036887000000E+03
0.448566770000000E+02,-0.124020750000000E+03
0.448547290000000E+02,-0.124009886000000E+03
0.448524870000000E+02,-0.124007252000000E+03
0.448451460000000E+02,-0.124002631000000E+03
0.448411240000000E+02,-0.124005078000000E+03
0.448398670000000E+02,-0.124006654000000E+03
0.448378550000000E+02,-0.124007138000000E+03
0.448343560000000E+02,-0.124006145000000E+03
0.448310850000000E+02,-0.124002582000000E+03
0.448345830000000E+02,-0.123997879000000E+03
0.448366430000000E+02,-0.123993543000000E+03
0.448367350000000E+02,-0.123991744000000E+03
0.448352740000000E+02,-0.123988818000000E+03
0.448355940000000E+02,-0.123987276000000E+03
0.448363760000000E+02,-0.123986279000000E+03
0.448363760000000E+02,-0.123986279000000E+03
0.448327840000000E+02,-0.123982422000000E+03
0.448300870000000E+02,-0.123980267000000E+03
0.448244870000000E+02,-0.123976954000000E+03
0.448211210000000E+02,-0.123977418000000E+03
0.448178900000000E+02,-0.123975714000000E+03
0.448178900000000E+02,-0.123975714000000E+03
0.448165540000000E+02,-0.123976435000000E+03
0.448123940000000E+02,-0.123972224000000E+03
0.448108620000000E+02,-0.123972834000000E+03
0.448099470000000E+02,-0.123974214000000E+03
0.448099470000000E+02,-0.123974214000000E+03
0.448095340000000E+02,-0.123978261000000E+03
0.448123620000000E+02,-0.123995190000000E+03
0.448123380000000E+02,-0.124003597000000E+03
0.448120190000000E+02,-0.124005524000000E+03
0.448093690000000E+02,-0.124009381000000E+03
0.448071060000000E+02,-0.124010926000000E+03
0.448061450000000E+02,-0.124010830000000E+03
0.448025760000000E+02,-0.124005148000000E+03
0.448016840000000E+02,-0.123996110000000E+03
0.448027840000000E+02,-0.123989528000000E+03
0.448047750000000E+02,-0.123987057000000E+03
0.448067890000000E+02,-0.123981053000000E+03
0.448063350000000E+02,-0.123971322000000E+03
0.448073880000000E+02,-0.123965445000000E+03
0.448068630000000E+02,-0.123963485000000E+03
0.448048510000000E+02,-0.123960594000000E+03
0.448026790000000E+02,-0.123960369000000E+03
0.447991370000000E+02,-0.123958762000000E+03
0.447935810000000E+02,-0.123954778000000E+03
0.447927810000000E+02,-0.123953397000000E+03
0.447900610000000E+02,-0.123951053000000E+03
0.447848940000000E+02,-0.123947424000000E+03
0.447734390000000E+02,-0.123947390000000E+03
0.447684320000000E+02,-0.123948352000000E+03
0.447674260000000E+02,-0.123949250000000E+03
0.447618470000000E+02,-0.123951143000000E+03
0.447572510000000E+02,-0.123950724000000E+03
0.447549190000000E+02,-0.123953002000000E+03
0.447535470000000E+02,-0.123955344000000E+03
0.447465510000000E+02,-0.123952617000000E+03
0.447444250000000E+02,-0.123951173000000E+03
0.447442260000000E+02,-0.123947674000000E+03
0.447425500000000E+02,-0.123944147000000E+03
0.447404470000000E+02,-0.123944018000000E+03
0.447390060000000E+02,-0.123944531000000E+03
0.447368110000000E+02,-0.123947290000000E+03
0.447313920000000E+02,-0.123946647000000E+03
0.447276660000000E+02,-0.123943696000000E+03
0.447216530000000E+02,-0.123943118000000E+03
0.447200530000000E+02,-0.123943663000000E+03
0.447182920000000E+02,-0.123948826000000E+03
0.447191370000000E+02,-0.123952898000000E+03
0.447220620000000E+02,-0.123956619000000E+03
0.447226570000000E+02,-0.123958031000000E+03
0.447227670000000E+02,-0.123959271000000E+03
0.447222900000000E+02,-0.123959409000000E+03
0.447186110000000E+02,-0.123953027000000E+03
0.447179030000000E+02,-0.123950429000000E+03
0.447181090000000E+02,-0.123942476000000E+03
0.447196870000000E+02,-0.123939462000000E+03
0.447207390000000E+02,-0.123938596000000E+03
0.447181780000000E+02,-0.123933401000000E+03
0.447172400000000E+02,-0.123932792000000E+03
0.447146110000000E+02,-0.123932568000000E+03
0.447146110000000E+02,-0.123932568000000E+03
0.447143140000000E+02,-0.123933915000000E+03
0.447046450000000E+02,-0.123948529000000E+03
0.447016690000000E+02,-0.123950265000000E+03
0.447042290000000E+02,-0.123956293000000E+03
0.447054860000000E+02,-0.123957640000000E+03
0.447058520000000E+02,-0.123958826000000E+03
0.447063990000000E+02,-0.123964438000000E+03
0.447062830000000E+02,-0.123973126000000E+03
0.447055040000000E+02,-0.123975915000000E+03
0.447055040000000E+02,-0.123977903000000E+03
0.447085860000000E+02,-0.123987395000000E+03
0.447107790000000E+02,-0.123990475000000E+03
0.447118750000000E+02,-0.123994260000000E+03
0.447118750000000E+02,-0.123994260000000E+03
0.447124690000000E+02,-0.123995094000000E+03
0.447167450000000E+02,-0.123994361000000E+03
0.447202220000000E+02,-0.123992023000000E+03
0.447214570000000E+02,-0.123990196000000E+03
0.447325930000000E+02,-0.123988090000000E+03
0.447353360000000E+02,-0.123989214000000E+03
0.447383760000000E+02,-0.123992136000000E+03
0.447396540000000E+02,-0.123996244000000E+03
0.447387600000000E+02,-0.124000777000000E+03
0.447442480000000E+02,-0.124000098000000E+03
0.447463290000000E+02,-0.123999041000000E+03
0.447479310000000E+02,-0.123997407000000E+03
0.447539440000000E+02,-0.123997892000000E+03
0.447603470000000E+02,-0.124005031000000E+03
0.447587020000000E+02,-0.124007792000000E+03
0.447599630000000E+02,-0.124015108000000E+03
0.447615870000000E+02,-0.124018444000000E+03
0.447610420000000E+02,-0.124027365000000E+03
0.447599910000000E+02,-0.124029324000000E+03
0.447594650000000E+02,-0.124031859000000E+03
0.447594660000000E+02,-0.124034620000000E+03
0.447607570000000E+02,-0.124038503000000E+03
0.447544150000000E+02,-0.124043382000000E+03
0.447505180000000E+02,-0.124045215000000E+03
0.447473210000000E+02,-0.124051721000000E+03
0.447492480000000E+02,-0.124053076000000E+03
0.447483100000000E+02,-0.124053942000000E+03
0.447468700000000E+02,-0.124058626000000E+03
0.447435780000000E+02,-0.124058562000000E+03
0.447407000000000E+02,-0.124059492000000E+03
0.447405490505996E+02,-0.124059915250280E+03
0.447405490505996E+02,-0.124059915250280E+03
0.447558575819848E+02,-0.124064350838346E+03
0.447626710000000E+02,-0.124066325000000E+03
0.447655926613811E+02,-0.124069385851845E+03
0.447673305971836E+02,-0.124071206584406E+03
0.447714030000000E+02,-0.124075473000000E+03
0.447739227889264E+02,-0.124075340235507E+03
0.447739227889264E+02,-0.124075340235507E+03
0.447770280000000E+02,-0.124074672000000E+03
0.447789295977626E+02,-0.124071113277613E+03
0.447791540000000E+02,-0.124071077000000E+03
0.447772570000000E+02,-0.124059199000000E+03
0.447756910000000E+02,-0.124053848000000E+03
0.447770260000000E+02,-0.124042154000000E+03
0.447810250000000E+02,-0.124030050000000E+03
0.447824630000000E+02,-0.124024174000000E+03
0.447844060000000E+02,-0.124021315000000E+03
0.447874240000000E+02,-0.124020318000000E+03
0.447879950000000E+02,-0.124020671000000E+03
0.447886590000000E+02,-0.124023046000000E+03
0.447868770000000E+02,-0.124025551000000E+03
0.447856660000000E+02,-0.124028698000000E+03
0.447847990000000E+02,-0.124036115000000E+03
0.447868580000000E+02,-0.124041701000000E+03
0.447880240000000E+02,-0.124042985000000E+03
0.447912272934570E+02,-0.124035071453906E+03
0.447941700000000E+02,-0.124025194000000E+03
0.447939640000000E+02,-0.124024327000000E+03
0.447931410000000E+02,-0.124023717000000E+03
0.447915840000000E+02,-0.124018677000000E+03
0.447919260000000E+02,-0.124014632000000E+03
0.447927480000000E+02,-0.124013475000000E+03
0.447940520000000E+02,-0.124014244000000E+03
0.447977130000000E+02,-0.124020824000000E+03
0.447974860000000E+02,-0.124025352000000E+03
0.447946009231445E+02,-0.124030606190625E+03
0.447931483231445E+02,-0.124035809390625E+03
0.447924820000000E+02,-0.124041346000000E+03
0.447990920000000E+02,-0.124050849000000E+03
0.448056300000000E+02,-0.124056371000000E+03
0.448062020000000E+02,-0.124056532000000E+03
0.448072080000000E+02,-0.124054219000000E+03
0.448104530000000E+02,-0.124044230000000E+03
0.448139730000000E+02,-0.124040664000000E+03
0.448138570000000E+02,-0.124031284000000E+03
0.448128740000000E+02,-0.124030160000000E+03
0.448123480000000E+02,-0.124030546000000E+03
0.448104730000000E+02,-0.124030515000000E+03
0.448099470000000E+02,-0.124029198000000E+03
0.448106090000000E+02,-0.124026371000000E+03
0.448117060000000E+02,-0.124025022000000E+03
0.448186240000000E+02,-0.124025018000000E+03
0.448197100000000E+02,-0.124029192000000E+03
0.448196650000000E+02,-0.124033465000000E+03
0.448201000000000E+02,-0.124034268000000E+03
0.448243990000000E+02,-0.124040080000000E+03
0.448265720000000E+02,-0.124042233000000E+03
0.448322200000000E+02,-0.124046055000000E+03
0.448387570000000E+02,-0.124038436000000E+03
0.448462550000000E+02,-0.124035123000000E+03
0.448468710000000E+02,-0.124038725000000E+03
0.448484430000000E+02,-0.124041616000000E+03
0.448533440000000E+02,-0.124039555000000E+03
0.448547380000000E+02,-0.124038012000000E+03
0.448550330000000E+02,-0.124036887000000E+03
END,END
